00000 0.246229 
00050 0.017505 
00100 0.005472 
Non-adversarial prior obtained at iteration 100 top 2 /5
00000 0.117172 
00050 0.023039 
00100 0.018997 
00150 0.016836 
00200 0.015641 
00250 0.014735 
00300 0.014494 
00350 0.013852 
00400 0.013334 
00450 0.012998 
00500 0.012635 
00550 0.012502 
00600 0.012109 
00650 0.011987 
00700 0.011729 
00750 0.011371 
00800 0.011207 
00850 0.010932 
00900 0.010834 
00950 0.010637 
01000 0.010200 
01050 0.009914 
Non-adversarial prior obtained at iteration 1050 top 4 /5
00000 0.076724 
00050 0.028256 
00100 0.022270 
00150 0.019797 
00200 0.017076 
00250 0.015738 
00300 0.014853 
00350 0.014361 
00400 0.013229 
00450 0.012526 
00500 0.012065 
00550 0.011395 
00600 0.010916 
00650 0.010330 
00700 0.009867 
00750 0.009753 
00800 0.009286 
00850 0.008967 
Non-adversarial prior obtained at iteration 850 top 5 /5
00000 0.035426 
00050 0.010532 
00100 0.009948 
00150 0.009417 
00200 0.009020 
00250 0.008747 
00300 0.008218 
00350 0.007715 
00400 0.007415 
00450 0.007046 
00500 0.006693 
00550 0.006356 
00600 0.006184 
00650 0.005914 
00700 0.005636 
00750 0.005523 
00800 0.005330 
00850 0.005252 
00900 0.005093 
00950 0.004905 
01000 0.004792 
01050 0.004616 
01100 0.004606 
01150 0.004448 
Non-adversarial prior obtained at iteration 1150 top 2 /5
00000 0.081657 
00050 0.016309 
00100 0.013049 
00150 0.010961 
00200 0.008960 
00250 0.008333 
00300 0.007444 
00350 0.007129 
00400 0.006741 
00450 0.006214 
00500 0.005836 
00550 0.005520 
00600 0.005212 
00650 0.004957 
00700 0.004747 
00750 0.004541 
00800 0.004346 
00850 0.004170 
00900 0.003948 
00950 0.003873 
01000 0.003701 
01050 0.003627 
01100 0.003525 
01150 0.003356 
01200 0.003253 
Non-adversarial prior obtained at iteration 1200 top 4 /5
00000 0.096472 
00050 0.028765 
00100 0.023588 
00150 0.019806 
00200 0.018042 
Non-adversarial prior obtained at iteration 200 top 2 /5
00000 0.115750 
00050 0.035446 
00100 0.025862 
00150 0.020684 
00200 0.016547 
00250 0.013940 
00300 0.012255 
00350 0.009808 
Non-adversarial prior obtained at iteration 350 top 3 /5
00000 0.047010 
00050 0.016551 
00100 0.012475 
00150 0.011671 
00200 0.010710 
00250 0.010191 
00300 0.009726 
00350 0.009463 
00400 0.009349 
00450 0.009103 
00500 0.008970 
Non-adversarial prior obtained at iteration 500 top 1 /5
00000 0.081700 
00050 0.023789 
Non-adversarial prior obtained at iteration 50 top 2 /5
00000 0.144816 
00050 0.032170 
00100 0.024918 
00150 0.019806 
00200 0.017351 
00250 0.016930 
00300 0.016032 
00350 0.015281 
00400 0.014274 
00450 0.013413 
00500 0.012819 
00550 0.012676 
00600 0.012058 
00650 0.011688 
00700 0.011562 
Non-adversarial prior obtained at iteration 700 top 5 /5
00000 0.135308 
00050 0.014690 
00100 0.011390 
00150 0.009690 
00200 0.008284 
00250 0.007993 
00300 0.007102 
00350 0.006481 
00400 0.006270 
Non-adversarial prior obtained at iteration 400 top 5 /5
00000 0.121059 
00050 0.037866 
00100 0.027921 
00150 0.023722 
00200 0.020890 
00250 0.017324 
00300 0.015417 
00350 0.013900 
00400 0.012559 
00450 0.011419 
00500 0.010789 
00550 0.010240 
00600 0.009844 
Non-adversarial prior obtained at iteration 600 top 1 /5
00000 0.106222 
00050 0.020558 
00100 0.013010 
00150 0.008488 
00200 0.007281 
00250 0.005724 
00300 0.004971 
00350 0.004056 
00400 0.003824 
00450 0.003177 
00500 0.003107 
00550 0.002760 
00600 0.002468 
00650 0.002403 
00700 0.002132 
00750 0.002034 
00800 0.001943 
00850 0.001832 
00900 0.001744 
00950 0.001700 
01000 0.001627 
01050 0.001556 
01100 0.001493 
01150 0.001358 
01200 0.001370 
01250 0.001282 
01300 0.001263 
01350 0.001163 
01400 0.001113 
01450 0.001102 
01500 0.001129 
01550 0.001044 
01600 0.000972 
01650 0.000962 
01700 0.000915 
01750 0.000928 
01800 0.000870 
01850 0.000876 
01900 0.000807 
01950 0.000829 
Non-adversarial prior obtained at iteration 1950 top 4 /5
00000 0.074333 
00050 0.022747 
Non-adversarial prior obtained at iteration 50 top 2 /5
00000 0.124062 
00050 0.060875 
00100 0.050382 
Non-adversarial prior obtained at iteration 100 top 1 /5
00000 0.064273 
00050 0.019867 
00100 0.016923 
00150 0.013175 
Non-adversarial prior obtained at iteration 150 top 1 /5
00000 0.106077 
00050 0.038493 
00100 0.034154 
Non-adversarial prior obtained at iteration 100 top 1 /5
00000 0.100858 
00050 0.043242 
00100 0.030433 
00150 0.024043 
00200 0.020922 
00250 0.019259 
Non-adversarial prior obtained at iteration 250 top 4 /5
00000 0.123562 
00050 0.066180 
Non-adversarial prior obtained at iteration 50 top 5 /5
00000 0.132518 
00050 0.057556 
00100 0.036212 
00150 0.032341 
Non-adversarial prior obtained at iteration 150 top 2 /5
00000 0.143186 
00050 0.021655 
00100 0.014498 
Non-adversarial prior obtained at iteration 100 top 4 /5
00000 0.083701 
00050 0.025325 
00100 0.019576 
00150 0.015526 
00200 0.012416 
00250 0.010306 
00300 0.009090 
00350 0.007611 
00400 0.006779 
00450 0.006008 
00500 0.005623 
00550 0.004935 
Non-adversarial prior obtained at iteration 550 top 2 /5
00000 0.056330 
00050 0.026941 
00100 0.017453 
00150 0.012334 
00200 0.008568 
00250 0.007022 
00300 0.006258 
00350 0.005583 
00400 0.004633 
Non-adversarial prior obtained at iteration 400 top 4 /5
00000 0.070361 
00050 0.020107 
00100 0.016556 
00150 0.014285 
00200 0.012757 
00250 0.011181 
00300 0.010955 
00350 0.010481 
00400 0.009927 
00450 0.009531 
00500 0.009014 
00550 0.008783 
00600 0.008525 
00650 0.008025 
00700 0.007646 
00750 0.007147 
00800 0.006688 
00850 0.006578 
00900 0.006215 
00950 0.005955 
Non-adversarial prior obtained at iteration 950 top 4 /5
00000 0.108091 
00050 0.019493 
00100 0.016313 
00150 0.013757 
00200 0.012150 
00250 0.011086 
00300 0.010444 
00350 0.009871 
00400 0.009327 
00450 0.008998 
00500 0.008635 
Non-adversarial prior obtained at iteration 500 top 5 /5
00000 0.043477 
00050 0.024365 
00100 0.018765 
00150 0.016153 
00200 0.013456 
00250 0.011316 
00300 0.009729 
00350 0.008683 
00400 0.008232 
00450 0.007695 
00500 0.007119 
00550 0.006810 
00600 0.006181 
00650 0.005909 
00700 0.005623 
00750 0.005289 
00800 0.005056 
00850 0.004803 
00900 0.004555 
00950 0.004363 
01000 0.004213 
01050 0.004076 
01100 0.003914 
01150 0.003742 
01200 0.003695 
01250 0.003532 
01300 0.003481 
01350 0.003331 
01400 0.003293 
01450 0.003230 
01500 0.003167 
01550 0.003082 
01600 0.002984 
01650 0.002944 
01700 0.002860 
01750 0.002788 
01800 0.002735 
01850 0.002718 
01900 0.002592 
01950 0.002601 
02000 0.002496 
02050 0.002494 
02100 0.002460 
02150 0.002359 
02200 0.002390 
02250 0.002297 
02300 0.002237 
02350 0.002260 
02400 0.002136 
02450 0.002132 
02500 0.002160 
02550 0.002173 
Non-adversarial prior obtained at iteration 2550 top 2 /5
00000 0.109491 
00050 0.015840 
00100 0.010446 
00150 0.008438 
00200 0.007761 
00250 0.007197 
00300 0.005933 
00350 0.005622 
00400 0.005088 
00450 0.004940 
00500 0.004654 
00550 0.004607 
00600 0.004351 
00650 0.004244 
00700 0.004038 
00750 0.003887 
00800 0.003915 
00850 0.003758 
00900 0.003650 
00950 0.003560 
01000 0.003428 
01050 0.003372 
01100 0.003286 
01150 0.003264 
01200 0.003166 
01250 0.003139 
01300 0.003093 
01350 0.003017 
01400 0.003054 
01450 0.002959 
Non-adversarial prior obtained at iteration 1450 top 2 /5
00000 0.040559 
00050 0.010513 
00100 0.009225 
00150 0.008877 
00200 0.008656 
00250 0.008460 
Non-adversarial prior obtained at iteration 250 top 2 /5
00000 0.074455 
00050 0.034446 
00100 0.030843 
00150 0.028744 
00200 0.028253 
00250 0.027378 
00300 0.026656 
00350 0.026296 
00400 0.026042 
00450 0.025620 
00500 0.025272 
00550 0.025094 
00600 0.024772 
00650 0.024455 
00700 0.024080 
00750 0.023958 
00800 0.023565 
00850 0.022885 
00900 0.022194 
00950 0.021485 
01000 0.020596 
01050 0.019930 
01100 0.019085 
01150 0.018287 
01200 0.017688 
01250 0.016898 
01300 0.016230 
01350 0.015876 
01400 0.015522 
01450 0.014890 
Non-adversarial prior obtained at iteration 1450 top 5 /5
00000 0.123633 
00050 0.042912 
00100 0.030104 
00150 0.027604 
00200 0.021630 
00250 0.016661 
00300 0.015088 
00350 0.014927 
00400 0.014393 
00450 0.014432 
00500 0.013908 
00550 0.013694 
00600 0.013655 
00650 0.013469 
00700 0.013282 
00750 0.013224 
00800 0.013085 
00850 0.013028 
00900 0.012900 
00950 0.012756 
01000 0.012745 
01050 0.012534 
01100 0.012502 
01150 0.012339 
01200 0.012334 
01250 0.012118 
01300 0.012004 
01350 0.011984 
01400 0.011712 
Non-adversarial prior obtained at iteration 1400 top 4 /5
00000 0.031084 
00050 0.011208 
00100 0.008857 
00150 0.007696 
00200 0.007218 
00250 0.006980 
00300 0.006746 
00350 0.006580 
00400 0.006341 
00450 0.006197 
00500 0.006057 
00550 0.005917 
00600 0.005746 
00650 0.005620 
00700 0.005541 
00750 0.005348 
00800 0.005231 
00850 0.005106 
00900 0.005037 
00950 0.004844 
01000 0.004728 
01050 0.004610 
01100 0.004528 
01150 0.004421 
01200 0.004324 
01250 0.004255 
01300 0.004144 
01350 0.004039 
01400 0.004001 
01450 0.003831 
01500 0.003772 
01550 0.003716 
01600 0.003622 
01650 0.003551 
01700 0.003489 
01750 0.003417 
01800 0.003455 
01850 0.003311 
01900 0.003261 
01950 0.003204 
02000 0.003145 
02050 0.003087 
02100 0.003034 
02150 0.002982 
02200 0.002922 
Non-adversarial prior obtained at iteration 2200 top 5 /5
00000 0.163572 
00050 0.025578 
00100 0.011967 
00150 0.009081 
00200 0.007685 
00250 0.007646 
00300 0.006577 
00350 0.005392 
Non-adversarial prior obtained at iteration 350 top 2 /5
00000 0.100418 
00050 0.018816 
00100 0.011587 
00150 0.008214 
00200 0.007295 
00250 0.005933 
00300 0.005561 
00350 0.004955 
00400 0.004485 
00450 0.004229 
00500 0.003848 
00550 0.003700 
00600 0.003538 
00650 0.003198 
00700 0.003102 
00750 0.002904 
00800 0.002822 
00850 0.002604 
00900 0.002628 
00950 0.002486 
01000 0.002367 
01050 0.002213 
01100 0.002167 
01150 0.002046 
01200 0.002014 
01250 0.001910 
01300 0.001798 
01350 0.001773 
01400 0.001702 
01450 0.001712 
01500 0.001571 
01550 0.001569 
01600 0.001526 
01650 0.001477 
01700 0.001415 
01750 0.001424 
01800 0.001365 
01850 0.001311 
01900 0.001309 
01950 0.001334 
02000 0.001236 
02050 0.001209 
02100 0.001228 
02150 0.001176 
02200 0.001159 
02250 0.001149 
02300 0.001168 
02350 0.001110 
02400 0.001153 
02450 0.001062 
02500 0.001061 
02550 0.001036 
02600 0.001007 
02650 0.001014 
02700 0.001011 
02750 0.000966 
02800 0.000951 
02850 0.000973 
02900 0.000949 
02950 0.000940 
00000 0.075473 
00050 0.012943 
00100 0.007522 
00150 0.006577 
00200 0.005275 
00250 0.004603 
00300 0.004340 
00350 0.004144 
00400 0.003679 
00450 0.003556 
00500 0.003217 
00550 0.003189 
Non-adversarial prior obtained at iteration 550 top 4 /5
00000 0.066214 
00050 0.035620 
00100 0.032457 
00150 0.030993 
00200 0.029869 
00250 0.028859 
Non-adversarial prior obtained at iteration 250 top 1 /5
00000 0.062688 
00050 0.017596 
00100 0.012400 
00150 0.011841 
00200 0.009633 
00250 0.008932 
00300 0.008626 
00350 0.008061 
00400 0.007676 
Non-adversarial prior obtained at iteration 400 top 4 /5
00000 0.139607 
00050 0.032595 
00100 0.024459 
00150 0.019316 
00200 0.017107 
00250 0.015994 
00300 0.014607 
00350 0.013928 
00400 0.013093 
00450 0.012249 
00500 0.011811 
00550 0.011362 
00600 0.010645 
00650 0.010552 
00700 0.009884 
00750 0.009560 
00800 0.009140 
00850 0.008897 
00900 0.008372 
00950 0.008502 
01000 0.007947 
01050 0.007345 
01100 0.006968 
01150 0.006687 
01200 0.006452 
01250 0.005955 
01300 0.005584 
01350 0.005368 
01400 0.004980 
01450 0.004690 
01500 0.004456 
01550 0.004380 
01600 0.003999 
01650 0.004003 
01700 0.003776 
01750 0.003734 
01800 0.003507 
01850 0.003350 
01900 0.003235 
01950 0.003150 
02000 0.003001 
02050 0.002943 
02100 0.002820 
02150 0.002726 
02200 0.002691 
02250 0.002655 
02300 0.002564 
02350 0.002429 
02400 0.002384 
02450 0.002335 
02500 0.002298 
02550 0.002297 
02600 0.002322 
02650 0.002122 
02700 0.002035 
02750 0.001982 
Non-adversarial prior obtained at iteration 2750 top 5 /5
00000 0.039370 
00050 0.016806 
00100 0.012902 
Non-adversarial prior obtained at iteration 100 top 2 /5
00000 0.083679 
00050 0.015872 
00100 0.012818 
00150 0.011286 
00200 0.010113 
00250 0.009232 
00300 0.008402 
00350 0.008098 
00400 0.007509 
00450 0.007069 
Non-adversarial prior obtained at iteration 450 top 1 /5
00000 0.126866 
00050 0.029645 
00100 0.014221 
00150 0.011110 
00200 0.008751 
00250 0.007627 
00300 0.006602 
00350 0.006029 
00400 0.005219 
00450 0.004864 
00500 0.004695 
Non-adversarial prior obtained at iteration 500 top 3 /5
00000 0.191850 
00050 0.024100 
00100 0.008807 
00150 0.005517 
00200 0.004418 
00250 0.003571 
00300 0.002896 
00350 0.002677 
00400 0.002441 
00450 0.002211 
00500 0.002004 
00550 0.001881 
00600 0.001812 
00650 0.001740 
00700 0.001560 
00750 0.001490 
00800 0.001336 
00850 0.001225 
00900 0.001161 
00950 0.001020 
01000 0.001028 
01050 0.000921 
01100 0.000954 
01150 0.000837 
01200 0.000798 
01250 0.000738 
01300 0.000786 
01350 0.000720 
01400 0.000698 
01450 0.000655 
01500 0.000638 
01550 0.000588 
Non-adversarial prior obtained at iteration 1550 top 1 /5
00000 0.126554 
00050 0.027901 
00100 0.007293 
00150 0.004709 
00200 0.004247 
00250 0.003440 
00300 0.002880 
00350 0.001986 
00400 0.001726 
00450 0.001353 
00500 0.001150 
Non-adversarial prior obtained at iteration 500 top 1 /5
00000 0.061104 
00050 0.014374 
00100 0.010003 
00150 0.007281 
00200 0.006425 
00250 0.005543 
00300 0.004963 
00350 0.004527 
00400 0.004176 
Non-adversarial prior obtained at iteration 400 top 3 /5
00000 0.075424 
00050 0.023098 
00100 0.012407 
00150 0.009000 
00200 0.007607 
00250 0.005142 
00300 0.003888 
00350 0.003305 
Non-adversarial prior obtained at iteration 350 top 3 /5
00000 0.110755 
00050 0.017473 
00100 0.010875 
00150 0.008402 
00200 0.007062 
00250 0.006311 
00300 0.005409 
00350 0.005046 
00400 0.004727 
00450 0.004443 
00500 0.004282 
00550 0.003936 
00600 0.003696 
00650 0.003432 
00700 0.003177 
00750 0.003133 
00800 0.002898 
00850 0.002633 
00900 0.002547 
00950 0.002376 
01000 0.002260 
01050 0.002112 
Non-adversarial prior obtained at iteration 1050 top 2 /5
00000 0.072627 
00050 0.016669 
00100 0.011995 
00150 0.008854 
00200 0.006734 
00250 0.005535 
00300 0.004289 
Non-adversarial prior obtained at iteration 300 top 2 /5
00000 0.028055 
00050 0.011823 
00100 0.008416 
00150 0.006844 
00200 0.005843 
00250 0.005043 
00300 0.004284 
Non-adversarial prior obtained at iteration 300 top 5 /5
00000 0.113933 
00050 0.020834 
00100 0.015272 
00150 0.010904 
00200 0.007574 
Non-adversarial prior obtained at iteration 200 top 4 /5
00000 0.092183 
00050 0.034729 
00100 0.027336 
00150 0.023724 
00200 0.019720 
Non-adversarial prior obtained at iteration 200 top 3 /5
00000 0.110158 
00050 0.036128 
00100 0.029112 
00150 0.025749 
00200 0.023668 
00250 0.021795 
00300 0.017924 
00350 0.014412 
00400 0.012310 
00450 0.010565 
00500 0.009467 
00550 0.008644 
00600 0.007841 
00650 0.007070 
00700 0.006552 
00750 0.006063 
00800 0.005591 
00850 0.005305 
Non-adversarial prior obtained at iteration 850 top 4 /5
00000 0.070197 
00050 0.037724 
00100 0.034019 
00150 0.032402 
00200 0.030789 
00250 0.029313 
00300 0.027887 
00350 0.026159 
00400 0.024543 
00450 0.023470 
00500 0.021901 
00550 0.020502 
00600 0.019338 
00650 0.018398 
00700 0.017712 
Non-adversarial prior obtained at iteration 700 top 1 /5
00000 0.056350 
00050 0.023793 
00100 0.018412 
00150 0.015092 
00200 0.012609 
00250 0.010998 
00300 0.010120 
00350 0.009455 
00400 0.008901 
00450 0.008209 
00500 0.007655 
00550 0.007255 
00600 0.007125 
00650 0.006654 
Non-adversarial prior obtained at iteration 650 top 4 /5
00000 0.107872 
00050 0.040454 
00100 0.026880 
00150 0.021864 
00200 0.019157 
00250 0.016764 
00300 0.014592 
00350 0.012841 
00400 0.012228 
00450 0.011031 
00500 0.010335 
00550 0.009651 
00600 0.008891 
Non-adversarial prior obtained at iteration 600 top 4 /5
00000 0.072506 
00050 0.034688 
00100 0.024614 
00150 0.019092 
00200 0.015469 
Non-adversarial prior obtained at iteration 200 top 2 /5
00000 0.027275 
00050 0.005715 
00100 0.003699 
00150 0.002848 
00200 0.002293 
00250 0.001928 
00300 0.001780 
00350 0.001547 
00400 0.001496 
00450 0.001395 
00500 0.001152 
00550 0.001131 
00600 0.001008 
00650 0.000972 
00700 0.000900 
00750 0.000872 
00800 0.000881 
00850 0.000759 
00900 0.000719 
Non-adversarial prior obtained at iteration 900 top 1 /5
00000 0.198301 
00050 0.037141 
00100 0.018184 
00150 0.011679 
00200 0.009626 
00250 0.006659 
00300 0.005725 
00350 0.005854 
00400 0.004446 
00450 0.004301 
00500 0.003669 
00550 0.003770 
00600 0.003409 
00650 0.003248 
00700 0.002990 
00750 0.003024 
00800 0.002945 
00850 0.002766 
00900 0.002560 
00950 0.002600 
01000 0.002515 
01050 0.002496 
01100 0.002370 
01150 0.002309 
01200 0.002169 
01250 0.002278 
01300 0.002256 
01350 0.002126 
01400 0.002084 
01450 0.001982 
01500 0.001862 
01550 0.001826 
01600 0.001880 
Non-adversarial prior obtained at iteration 1600 top 5 /5
00000 0.091578 
00050 0.029821 
00100 0.021982 
00150 0.016432 
00200 0.013931 
00250 0.010465 
Non-adversarial prior obtained at iteration 250 top 3 /5
00000 0.072086 
00050 0.021472 
00100 0.014678 
00150 0.011011 
00200 0.007842 
00250 0.007523 
00300 0.005582 
00350 0.005530 
00400 0.004575 
00450 0.004104 
00500 0.004107 
Non-adversarial prior obtained at iteration 500 top 4 /5
00000 0.045756 
00050 0.009756 
00100 0.006919 
00150 0.006339 
00200 0.005687 
00250 0.005229 
00300 0.004838 
00350 0.004745 
00400 0.004550 
00450 0.004450 
00500 0.004371 
Non-adversarial prior obtained at iteration 500 top 2 /5
00000 0.200520 
00050 0.018446 
00100 0.010050 
00150 0.007890 
00200 0.007600 
00250 0.006351 
00300 0.005702 
00350 0.004941 
00400 0.004664 
00450 0.004173 
00500 0.004551 
00550 0.003121 
00600 0.002946 
00650 0.002709 
Non-adversarial prior obtained at iteration 650 top 1 /5
00000 0.088355 
00050 0.021344 
00100 0.012153 
00150 0.007988 
00200 0.007170 
00250 0.005239 
00300 0.004412 
00350 0.003605 
00400 0.003032 
00450 0.002719 
00500 0.002261 
00550 0.001974 
00600 0.001755 
00650 0.001715 
Non-adversarial prior obtained at iteration 650 top 2 /5
00000 0.052343 
00050 0.015532 
00100 0.011828 
00150 0.010490 
00200 0.009601 
00250 0.008825 
00300 0.008389 
00350 0.008218 
00400 0.007806 
00450 0.007428 
00500 0.007186 
00550 0.007139 
Non-adversarial prior obtained at iteration 550 top 5 /5
00000 0.084191 
00050 0.019752 
00100 0.011788 
00150 0.008379 
00200 0.006832 
00250 0.004933 
00300 0.004733 
00350 0.003956 
00400 0.003731 
00450 0.003621 
Non-adversarial prior obtained at iteration 450 top 2 /5
00000 0.070466 
00050 0.013601 
00100 0.009691 
Non-adversarial prior obtained at iteration 100 top 1 /5
00000 0.134070 
00050 0.012362 
00100 0.008912 
00150 0.007656 
00200 0.006913 
00250 0.006461 
00300 0.006035 
00350 0.004770 
00400 0.003935 
00450 0.003287 
00500 0.003093 
00550 0.002992 
00600 0.002802 
00650 0.002683 
00700 0.002595 
00750 0.002526 
00800 0.002396 
Non-adversarial prior obtained at iteration 800 top 4 /5
00000 0.041768 
00050 0.012455 
00100 0.006588 
00150 0.004306 
00200 0.003909 
00250 0.003375 
00300 0.003118 
00350 0.002906 
00400 0.002801 
Non-adversarial prior obtained at iteration 400 top 4 /5
00000 0.061790 
00050 0.020676 
00100 0.013085 
00150 0.009875 
00200 0.007708 
00250 0.006239 
00300 0.004756 
00350 0.004218 
Non-adversarial prior obtained at iteration 350 top 2 /5
00000 0.084432 
00050 0.029983 
00100 0.015591 
00150 0.009702 
00200 0.007882 
Non-adversarial prior obtained at iteration 200 top 4 /5
00000 0.093607 
00050 0.020527 
00100 0.013491 
00150 0.008756 
00200 0.008149 
00250 0.006114 
Non-adversarial prior obtained at iteration 250 top 5 /5
00000 0.048015 
00050 0.022663 
00100 0.020869 
00150 0.018385 
Non-adversarial prior obtained at iteration 150 top 4 /5
00000 0.049810 
00050 0.021941 
00100 0.020351 
00150 0.018368 
00200 0.016632 
00250 0.015598 
00300 0.014179 
00350 0.012981 
00400 0.012089 
00450 0.011000 
Non-adversarial prior obtained at iteration 450 top 1 /5
00000 0.040566 
00050 0.020435 
00100 0.016721 
00150 0.014863 
00200 0.013374 
00250 0.012473 
00300 0.011496 
00350 0.010892 
Non-adversarial prior obtained at iteration 350 top 2 /5
00000 0.074087 
00050 0.024126 
00100 0.021470 
00150 0.019543 
00200 0.017825 
Non-adversarial prior obtained at iteration 200 top 4 /5
00000 0.102228 
00050 0.026860 
00100 0.021002 
00150 0.018414 
00200 0.016807 
00250 0.016121 
00300 0.015400 
00350 0.014535 
00400 0.013846 
00450 0.013613 
00500 0.013184 
00550 0.013017 
00600 0.012718 
00650 0.012527 
00700 0.012301 
00750 0.012031 
00800 0.011819 
00850 0.011574 
00900 0.011456 
00950 0.011248 
01000 0.011047 
01050 0.010749 
01100 0.010507 
01150 0.010428 
01200 0.010145 
01250 0.010083 
01300 0.009803 
01350 0.009717 
Non-adversarial prior obtained at iteration 1350 top 5 /5
00000 0.088644 
00050 0.028002 
00100 0.022582 
00150 0.019373 
00200 0.017107 
00250 0.015742 
00300 0.015005 
00350 0.013744 
00400 0.012702 
00450 0.011712 
00500 0.011169 
00550 0.010614 
00600 0.010251 
00650 0.009653 
00700 0.009249 
00750 0.008935 
Non-adversarial prior obtained at iteration 750 top 5 /5
00000 0.034408 
00050 0.011409 
00100 0.010018 
00150 0.009387 
00200 0.009148 
00250 0.008841 
00300 0.008538 
00350 0.008180 
00400 0.007699 
00450 0.007360 
00500 0.007102 
00550 0.006955 
00600 0.006570 
00650 0.006561 
00700 0.006252 
00750 0.006101 
00800 0.005997 
00850 0.005661 
00900 0.005478 
00950 0.005393 
01000 0.005205 
01050 0.005069 
01100 0.004917 
Non-adversarial prior obtained at iteration 1100 top 5 /5
00000 0.077216 
00050 0.014885 
00100 0.011527 
00150 0.008901 
00200 0.007903 
00250 0.007209 
00300 0.006768 
00350 0.006406 
00400 0.005964 
00450 0.005605 
00500 0.005046 
00550 0.004785 
00600 0.004555 
00650 0.004318 
00700 0.004224 
00750 0.004025 
00800 0.003876 
00850 0.003724 
00900 0.003638 
00950 0.003484 
01000 0.003364 
01050 0.003334 
01100 0.003150 
01150 0.003036 
01200 0.002972 
01250 0.003067 
Non-adversarial prior obtained at iteration 1250 top 5 /5
00000 0.084551 
00050 0.028168 
Non-adversarial prior obtained at iteration 50 top 2 /5
00000 0.100863 
00050 0.035420 
00100 0.026548 
00150 0.021375 
00200 0.017211 
00250 0.014510 
00300 0.011922 
Non-adversarial prior obtained at iteration 300 top 2 /5
00000 0.061678 
00050 0.016046 
00100 0.012408 
00150 0.011474 
00200 0.010482 
00250 0.010142 
00300 0.009796 
00350 0.009606 
00400 0.009344 
00450 0.009232 
00500 0.009040 
Non-adversarial prior obtained at iteration 500 top 1 /5
00000 0.079118 
00050 0.025984 
00100 0.018950 
00150 0.014875 
00200 0.013408 
00250 0.011771 
00300 0.011080 
00350 0.010435 
00400 0.010075 
00450 0.009502 
00500 0.009092 
00550 0.008900 
00600 0.008568 
00650 0.008337 
00700 0.008091 
00750 0.007819 
00800 0.007630 
00850 0.007530 
00900 0.007371 
00950 0.007187 
01000 0.007035 
01050 0.006944 
01100 0.006750 
01150 0.006674 
01200 0.006488 
01250 0.006342 
01300 0.006202 
01350 0.006091 
Non-adversarial prior obtained at iteration 1350 top 4 /5
00000 0.133091 
00050 0.015890 
00100 0.010809 
00150 0.008927 
00200 0.008404 
00250 0.007166 
00300 0.006698 
00350 0.006801 
00400 0.006336 
00450 0.006089 
00500 0.005861 
00550 0.005517 
00600 0.005314 
Non-adversarial prior obtained at iteration 600 top 3 /5
00000 0.117784 
00050 0.039744 
00100 0.025741 
00150 0.020481 
00200 0.017415 
00250 0.016029 
00300 0.014981 
00350 0.013444 
00400 0.011991 
00450 0.011426 
00500 0.010637 
00550 0.010301 
00600 0.009564 
Non-adversarial prior obtained at iteration 600 top 2 /5
00000 0.096603 
00050 0.021643 
00100 0.012773 
00150 0.009124 
00200 0.007139 
00250 0.005988 
00300 0.005169 
00350 0.003996 
00400 0.003541 
00450 0.003529 
00500 0.002924 
00550 0.003014 
00600 0.002533 
00650 0.002288 
00700 0.002279 
00750 0.002077 
00800 0.001908 
00850 0.001873 
00900 0.001810 
00950 0.001751 
01000 0.001645 
01050 0.001567 
01100 0.001495 
01150 0.001447 
01200 0.001384 
01250 0.001374 
01300 0.001272 
01350 0.001207 
Non-adversarial prior obtained at iteration 1350 top 5 /5
00000 0.063281 
00050 0.023439 
Non-adversarial prior obtained at iteration 50 top 1 /5
00000 0.137355 
00050 0.059511 
Non-adversarial prior obtained at iteration 50 top 4 /5
00000 0.061809 
00050 0.020975 
00100 0.016228 
Non-adversarial prior obtained at iteration 100 top 2 /5
00000 0.103102 
00050 0.039282 
00100 0.033761 
00150 0.031373 
00200 0.029898 
Non-adversarial prior obtained at iteration 200 top 1 /5
00000 0.098206 
00050 0.039746 
00100 0.026274 
00150 0.020262 
00200 0.017592 
00250 0.015795 
00300 0.014463 
Non-adversarial prior obtained at iteration 300 top 4 /5
00000 0.107819 
00050 0.040219 
00100 0.026177 
Non-adversarial prior obtained at iteration 100 top 1 /5
00000 0.128258 
00050 0.042987 
00100 0.027877 
Non-adversarial prior obtained at iteration 100 top 2 /5
00000 0.151530 
00050 0.018949 
00100 0.014206 
Non-adversarial prior obtained at iteration 100 top 1 /5
00000 0.076751 
00050 0.026197 
00100 0.017423 
00150 0.013446 
00200 0.010447 
00250 0.009513 
00300 0.007737 
00350 0.006714 
00400 0.006146 
Non-adversarial prior obtained at iteration 400 top 4 /5
00000 0.061399 
00050 0.023690 
00100 0.012841 
00150 0.009334 
00200 0.008288 
00250 0.006868 
00300 0.005846 
Non-adversarial prior obtained at iteration 300 top 1 /5
00000 0.063810 
00050 0.020013 
00100 0.015727 
00150 0.013827 
00200 0.012082 
00250 0.011359 
00300 0.010324 
00350 0.009736 
00400 0.009156 
00450 0.008701 
00500 0.008176 
00550 0.007639 
00600 0.007150 
00650 0.006883 
00700 0.006544 
00750 0.006230 
Non-adversarial prior obtained at iteration 750 top 1 /5
00000 0.121930 
00050 0.020961 
00100 0.015765 
00150 0.012993 
00200 0.011720 
00250 0.011118 
00300 0.010110 
00350 0.009702 
00400 0.009182 
00450 0.009059 
00500 0.008615 
00550 0.008255 
00600 0.007933 
Non-adversarial prior obtained at iteration 600 top 1 /5
00000 0.042700 
00050 0.023902 
00100 0.019577 
00150 0.015322 
00200 0.012200 
00250 0.010370 
00300 0.009199 
00350 0.008451 
00400 0.007696 
00450 0.006982 
00500 0.006558 
00550 0.006052 
00600 0.005768 
00650 0.005313 
00700 0.004998 
00750 0.004777 
00800 0.004560 
00850 0.004295 
00900 0.004045 
00950 0.003958 
01000 0.003766 
01050 0.003666 
01100 0.003535 
01150 0.003450 
01200 0.003258 
01250 0.003318 
01300 0.003085 
01350 0.003009 
01400 0.002925 
01450 0.002933 
01500 0.002727 
01550 0.002770 
01600 0.002737 
01650 0.002568 
01700 0.002609 
01750 0.002489 
01800 0.002409 
01850 0.002346 
01900 0.002377 
01950 0.002353 
02000 0.002344 
Non-adversarial prior obtained at iteration 2000 top 5 /5
00000 0.110475 
00050 0.012491 
00100 0.009591 
00150 0.007776 
00200 0.006568 
00250 0.006211 
00300 0.005582 
00350 0.004964 
00400 0.004570 
00450 0.004364 
00500 0.004252 
00550 0.004040 
00600 0.003891 
00650 0.003778 
00700 0.003697 
00750 0.003559 
00800 0.003512 
00850 0.003369 
00900 0.003360 
00950 0.003253 
01000 0.003207 
01050 0.003166 
01100 0.003036 
01150 0.003009 
01200 0.002955 
01250 0.002925 
01300 0.002825 
Non-adversarial prior obtained at iteration 1300 top 3 /5
00000 0.035931 
00050 0.011464 
00100 0.009559 
00150 0.009156 
00200 0.008929 
00250 0.008646 
00300 0.008543 
00350 0.008266 
00400 0.008126 
Non-adversarial prior obtained at iteration 400 top 4 /5
00000 0.088801 
00050 0.035485 
00100 0.030869 
00150 0.028694 
00200 0.027778 
00250 0.027129 
00300 0.026565 
00350 0.026072 
00400 0.025802 
00450 0.025270 
00500 0.024815 
00550 0.024335 
Non-adversarial prior obtained at iteration 550 top 2 /5
00000 0.127682 
00050 0.048113 
00100 0.029108 
00150 0.019837 
00200 0.016406 
00250 0.015580 
00300 0.015083 
00350 0.014679 
00400 0.014360 
00450 0.014169 
00500 0.014075 
00550 0.013722 
00600 0.013607 
00650 0.013451 
00700 0.013302 
00750 0.013183 
Non-adversarial prior obtained at iteration 750 top 5 /5
00000 0.034780 
00050 0.010329 
00100 0.009404 
00150 0.007619 
00200 0.007072 
00250 0.006947 
00300 0.006756 
00350 0.006475 
00400 0.006274 
00450 0.006092 
00500 0.006019 
00550 0.005901 
00600 0.005670 
00650 0.005619 
00700 0.005449 
00750 0.005345 
00800 0.005213 
00850 0.005108 
00900 0.005087 
00950 0.004905 
01000 0.004801 
01050 0.004698 
01100 0.004600 
01150 0.004517 
01200 0.004445 
01250 0.004317 
01300 0.004252 
01350 0.004142 
01400 0.004068 
01450 0.004072 
01500 0.003933 
01550 0.003845 
01600 0.003802 
01650 0.003666 
01700 0.003595 
01750 0.003516 
01800 0.003425 
01850 0.003401 
01900 0.003302 
01950 0.003332 
02000 0.003204 
02050 0.003156 
02100 0.003072 
02150 0.003021 
02200 0.002955 
02250 0.002890 
02300 0.002893 
02350 0.002801 
02400 0.002795 
02450 0.002700 
02500 0.002656 
02550 0.002644 
02600 0.002560 
02650 0.002546 
02700 0.002500 
02750 0.002434 
02800 0.002410 
02850 0.002437 
02900 0.002316 
02950 0.002285 
00000 0.154800 
00050 0.045232 
00100 0.019567 
00150 0.012838 
00200 0.010559 
00250 0.009072 
00300 0.008038 
00350 0.006934 
00400 0.005840 
00450 0.005401 
00500 0.004742 
00550 0.004156 
00600 0.003812 
00650 0.003579 
00700 0.003769 
00750 0.003183 
Non-adversarial prior obtained at iteration 750 top 5 /5
00000 0.096228 
00050 0.019690 
00100 0.011097 
00150 0.008709 
00200 0.007613 
00250 0.006353 
00300 0.005573 
00350 0.005248 
00400 0.004828 
00450 0.004464 
00500 0.003877 
00550 0.003690 
00600 0.003551 
00650 0.003285 
00700 0.003109 
00750 0.002974 
00800 0.002785 
00850 0.002638 
00900 0.002552 
00950 0.002445 
01000 0.002365 
01050 0.002265 
01100 0.002193 
01150 0.002073 
01200 0.002030 
01250 0.001971 
01300 0.001844 
01350 0.001810 
01400 0.001740 
01450 0.001751 
01500 0.001669 
01550 0.001638 
01600 0.001582 
01650 0.001530 
01700 0.001491 
01750 0.001455 
01800 0.001445 
01850 0.001391 
01900 0.001351 
01950 0.001307 
02000 0.001301 
02050 0.001270 
02100 0.001240 
02150 0.001225 
02200 0.001176 
02250 0.001195 
02300 0.001168 
02350 0.001143 
02400 0.001125 
02450 0.001103 
02500 0.001090 
02550 0.001089 
02600 0.001030 
02650 0.001029 
02700 0.000992 
02750 0.000993 
02800 0.000988 
02850 0.000961 
02900 0.000941 
02950 0.000949 
00000 0.076154 
00050 0.010990 
00100 0.008376 
00150 0.005933 
00200 0.005030 
00250 0.004564 
00300 0.004272 
00350 0.003713 
00400 0.003570 
00450 0.003261 
00500 0.003080 
00550 0.002894 
00600 0.002729 
00650 0.002650 
Non-adversarial prior obtained at iteration 650 top 3 /5
00000 0.065124 
00050 0.037571 
00100 0.032511 
00150 0.030717 
00200 0.029326 
Non-adversarial prior obtained at iteration 200 top 4 /5
00000 0.063821 
00050 0.019246 
00100 0.013176 
00150 0.011022 
00200 0.009654 
00250 0.009167 
00300 0.008643 
00350 0.008110 
00400 0.007623 
00450 0.007394 
00500 0.007324 
00550 0.007287 
00600 0.007030 
00650 0.006870 
Non-adversarial prior obtained at iteration 650 top 5 /5
00000 0.127258 
00050 0.035626 
00100 0.026143 
00150 0.019326 
00200 0.017325 
00250 0.015375 
00300 0.014546 
00350 0.013661 
00400 0.012257 
00450 0.011847 
00500 0.011027 
00550 0.010422 
00600 0.009799 
00650 0.009914 
00700 0.009042 
00750 0.008721 
00800 0.008368 
00850 0.007999 
00900 0.007681 
00950 0.007206 
01000 0.006869 
01050 0.006401 
01100 0.006218 
01150 0.005896 
01200 0.005442 
01250 0.005212 
01300 0.005046 
01350 0.004800 
01400 0.004583 
01450 0.004344 
01500 0.004318 
01550 0.004121 
01600 0.003972 
01650 0.003906 
01700 0.003602 
01750 0.003514 
01800 0.003442 
01850 0.003248 
01900 0.003153 
01950 0.003079 
02000 0.003062 
02050 0.002948 
02100 0.002885 
02150 0.002787 
02200 0.002743 
02250 0.002641 
02300 0.002632 
02350 0.002514 
02400 0.002456 
Non-adversarial prior obtained at iteration 2400 top 3 /5
00000 0.043384 
00050 0.015998 
00100 0.013175 
Non-adversarial prior obtained at iteration 100 top 5 /5
00000 0.089166 
00050 0.017267 
00100 0.011965 
00150 0.010033 
00200 0.008841 
Non-adversarial prior obtained at iteration 200 top 1 /5
00000 0.114591 
00050 0.021926 
00100 0.013612 
00150 0.011270 
00200 0.009064 
00250 0.007785 
00300 0.007113 
00350 0.006317 
00400 0.005951 
00450 0.005409 
Non-adversarial prior obtained at iteration 450 top 5 /5
00000 0.123068 
00050 0.020870 
00100 0.010548 
00150 0.005663 
00200 0.003704 
00250 0.002975 
00300 0.001894 
Non-adversarial prior obtained at iteration 300 top 1 /5
00000 0.064150 
00050 0.012303 
00100 0.008963 
00150 0.006755 
00200 0.005836 
00250 0.005347 
00300 0.004868 
00350 0.004350 
00400 0.004011 
00450 0.003827 
00500 0.003472 
00550 0.003315 
00600 0.003238 
00650 0.003013 
00700 0.002805 
00750 0.002669 
00800 0.002577 
Non-adversarial prior obtained at iteration 800 top 5 /5
00000 0.066472 
00050 0.016145 
00100 0.009544 
00150 0.005276 
Non-adversarial prior obtained at iteration 150 top 3 /5
00000 0.093332 
00050 0.015920 
00100 0.010301 
00150 0.007200 
00200 0.006162 
00250 0.005492 
00300 0.004921 
00350 0.004735 
00400 0.004424 
00450 0.004642 
00500 0.004129 
00550 0.003892 
00600 0.003634 
00650 0.003540 
00700 0.003267 
00750 0.003122 
00800 0.002909 
00850 0.002844 
00900 0.002668 
00950 0.002467 
Non-adversarial prior obtained at iteration 950 top 5 /5
00000 0.073073 
00050 0.017166 
00100 0.011419 
00150 0.007985 
00200 0.006264 
00250 0.004707 
00300 0.004148 
00350 0.003520 
00400 0.003060 
Non-adversarial prior obtained at iteration 400 top 1 /5
00000 0.040128 
00050 0.014914 
00100 0.011565 
00150 0.008954 
00200 0.007084 
00250 0.006387 
00300 0.005221 
Non-adversarial prior obtained at iteration 300 top 3 /5
00000 0.124457 
00050 0.023095 
00100 0.016618 
00150 0.013466 
00200 0.010326 
00250 0.008046 
Non-adversarial prior obtained at iteration 250 top 1 /5
00000 0.073587 
00050 0.032381 
00100 0.029415 
00150 0.023428 
00200 0.018341 
00250 0.015029 
Non-adversarial prior obtained at iteration 250 top 1 /5
00000 0.125148 
00050 0.031405 
00100 0.026217 
00150 0.023032 
00200 0.020884 
00250 0.017735 
00300 0.013286 
00350 0.011322 
00400 0.009639 
00450 0.009020 
00500 0.008023 
00550 0.007354 
00600 0.006781 
00650 0.006243 
00700 0.006143 
00750 0.005400 
00800 0.005055 
Non-adversarial prior obtained at iteration 800 top 3 /5
00000 0.065595 
00050 0.035926 
00100 0.033281 
00150 0.031231 
00200 0.029824 
00250 0.027870 
00300 0.025583 
00350 0.023378 
00400 0.021834 
00450 0.020750 
00500 0.019672 
00550 0.018666 
00600 0.017768 
Non-adversarial prior obtained at iteration 600 top 1 /5
00000 0.049197 
00050 0.025326 
00100 0.019699 
00150 0.018034 
00200 0.014151 
00250 0.012672 
00300 0.010910 
00350 0.010042 
00400 0.009554 
00450 0.008698 
00500 0.008271 
00550 0.007886 
00600 0.007575 
00650 0.007008 
Non-adversarial prior obtained at iteration 650 top 2 /5
00000 0.102031 
00050 0.033672 
00100 0.027146 
00150 0.022331 
00200 0.018398 
00250 0.016493 
00300 0.015703 
00350 0.013586 
Non-adversarial prior obtained at iteration 350 top 4 /5
00000 0.076643 
00050 0.032178 
00100 0.024223 
00150 0.018821 
00200 0.015628 
Non-adversarial prior obtained at iteration 200 top 3 /5
00000 0.024396 
00050 0.003763 
00100 0.002835 
00150 0.002705 
00200 0.001892 
00250 0.001662 
00300 0.001610 
00350 0.001462 
00400 0.001422 
00450 0.001236 
00500 0.001156 
00550 0.001009 
00600 0.000915 
00650 0.000868 
00700 0.000880 
Non-adversarial prior obtained at iteration 700 top 5 /5
00000 0.204084 
00050 0.049506 
00100 0.021046 
00150 0.013629 
00200 0.009627 
00250 0.007498 
00300 0.007234 
00350 0.006501 
00400 0.005164 
00450 0.004348 
00500 0.004337 
00550 0.003868 
00600 0.004001 
00650 0.003553 
00700 0.003490 
00750 0.003107 
00800 0.003166 
00850 0.002899 
00900 0.002722 
00950 0.002726 
01000 0.002611 
01050 0.002685 
01100 0.002452 
01150 0.002515 
01200 0.002512 
01250 0.002492 
01300 0.002654 
01350 0.002433 
01400 0.002367 
01450 0.002225 
01500 0.002396 
01550 0.002279 
01600 0.002143 
01650 0.002176 
01700 0.002146 
01750 0.002049 
01800 0.002015 
01850 0.002173 
01900 0.001919 
01950 0.001724 
02000 0.001759 
02050 0.001653 
02100 0.001583 
02150 0.001633 
Non-adversarial prior obtained at iteration 2150 top 5 /5
00000 0.090704 
00050 0.029408 
00100 0.024126 
00150 0.019485 
00200 0.014643 
00250 0.013407 
00300 0.010973 
Non-adversarial prior obtained at iteration 300 top 2 /5
00000 0.067799 
00050 0.023839 
00100 0.012971 
00150 0.008446 
00200 0.006801 
00250 0.005765 
00300 0.005047 
00350 0.004293 
00400 0.003775 
00450 0.003638 
00500 0.003078 
00550 0.003558 
00600 0.002979 
00650 0.002739 
00700 0.002522 
00750 0.002678 
00800 0.002384 
00850 0.002192 
00900 0.002185 
00950 0.002445 
Non-adversarial prior obtained at iteration 950 top 4 /5
00000 0.041176 
00050 0.012575 
00100 0.008793 
00150 0.006927 
00200 0.005922 
00250 0.005578 
00300 0.005178 
00350 0.004846 
00400 0.004694 
00450 0.004611 
00500 0.004405 
Non-adversarial prior obtained at iteration 500 top 5 /5
00000 0.205758 
00050 0.022725 
00100 0.011257 
00150 0.009035 
00200 0.007409 
00250 0.007271 
00300 0.005810 
00350 0.005427 
00400 0.005554 
Non-adversarial prior obtained at iteration 400 top 2 /5
00000 0.085756 
00050 0.023424 
00100 0.012648 
00150 0.010221 
00200 0.008545 
00250 0.005552 
00300 0.004808 
00350 0.003850 
00400 0.003229 
00450 0.003070 
00500 0.002701 
00550 0.002527 
00600 0.002360 
00650 0.002177 
00700 0.001953 
00750 0.001843 
00800 0.001639 
00850 0.001486 
00900 0.001382 
00950 0.001298 
01000 0.001413 
01050 0.001152 
01100 0.001023 
01150 0.000886 
01200 0.000892 
Non-adversarial prior obtained at iteration 1200 top 1 /5
00000 0.045629 
00050 0.017462 
00100 0.014239 
00150 0.011694 
00200 0.010457 
00250 0.009400 
00300 0.008612 
00350 0.008286 
00400 0.008297 
00450 0.007558 
00500 0.007305 
00550 0.007145 
00600 0.006852 
00650 0.006743 
00700 0.006582 
Non-adversarial prior obtained at iteration 700 top 3 /5
00000 0.083658 
00050 0.017393 
00100 0.012204 
00150 0.008387 
00200 0.006589 
00250 0.006941 
00300 0.004365 
00350 0.003922 
00400 0.003549 
00450 0.003173 
00500 0.003022 
00550 0.002977 
00600 0.002987 
00650 0.002572 
00700 0.002490 
00750 0.002413 
00800 0.002348 
00850 0.002328 
00900 0.002297 
00950 0.002019 
Non-adversarial prior obtained at iteration 950 top 3 /5
00000 0.054829 
00050 0.014948 
00100 0.009488 
Non-adversarial prior obtained at iteration 100 top 1 /5
00000 0.142073 
00050 0.013133 
00100 0.009838 
00150 0.008859 
00200 0.008073 
00250 0.007434 
00300 0.007308 
00350 0.006710 
00400 0.005912 
00450 0.005317 
00500 0.004822 
00550 0.004401 
00600 0.003583 
00650 0.003117 
00700 0.002991 
00750 0.002881 
00800 0.002781 
00850 0.002749 
00900 0.002663 
00950 0.002630 
01000 0.002494 
Non-adversarial prior obtained at iteration 1000 top 5 /5
00000 0.041573 
00050 0.011338 
00100 0.006017 
00150 0.004285 
00200 0.003704 
00250 0.003262 
00300 0.003088 
00350 0.002963 
Non-adversarial prior obtained at iteration 350 top 3 /5
00000 0.069778 
00050 0.019008 
00100 0.011142 
00150 0.008398 
00200 0.005962 
00250 0.004835 
00300 0.004471 
Non-adversarial prior obtained at iteration 300 top 3 /5
00000 0.069339 
00050 0.038165 
00100 0.022737 
00150 0.012360 
00200 0.009417 
00250 0.007426 
Non-adversarial prior obtained at iteration 250 top 1 /5
00000 0.095611 
00050 0.018403 
00100 0.010143 
00150 0.007289 
00200 0.006370 
00250 0.004785 
00300 0.004612 
Non-adversarial prior obtained at iteration 300 top 1 /5
00000 0.041281 
00050 0.022703 
00100 0.021069 
00150 0.018963 
00200 0.016867 
00250 0.015718 
00300 0.014076 
00350 0.013032 
00400 0.012184 
Non-adversarial prior obtained at iteration 400 top 2 /5
00000 0.060308 
00050 0.021181 
00100 0.018507 
00150 0.016626 
00200 0.015609 
00250 0.014478 
Non-adversarial prior obtained at iteration 250 top 2 /5
00000 0.034909 
00050 0.020180 
00100 0.016940 
00150 0.014463 
00200 0.012868 
00250 0.012005 
00300 0.011213 
Non-adversarial prior obtained at iteration 300 top 5 /5
00000 0.114880 
00050 0.023630 
00100 0.021566 
00150 0.019188 
00200 0.017590 
00250 0.016640 
00300 0.015493 
00350 0.014728 
00400 0.014091 
Non-adversarial prior obtained at iteration 400 top 4 /5
00000 0.281435 
00050 0.015013 
00100 0.004053 
Non-adversarial prior obtained at iteration 100 top 1 /5
00000 0.104552 
00050 0.032595 
00100 0.020950 
00150 0.019208 
00200 0.016774 
00250 0.015566 
00300 0.014878 
00350 0.014295 
00400 0.014008 
00450 0.013528 
00500 0.013353 
00550 0.012875 
00600 0.012492 
00650 0.012207 
00700 0.012147 
00750 0.011877 
00800 0.011798 
00850 0.011548 
00900 0.011304 
00950 0.010972 
01000 0.010748 
01050 0.010612 
01100 0.010372 
01150 0.010101 
01200 0.009867 
01250 0.009608 
01300 0.009414 
01350 0.009295 
01400 0.008972 
Non-adversarial prior obtained at iteration 1400 top 3 /5
00000 0.078768 
00050 0.025165 
00100 0.023064 
00150 0.018329 
00200 0.016254 
00250 0.014893 
00300 0.013799 
00350 0.012900 
00400 0.012139 
00450 0.011305 
00500 0.010902 
00550 0.010222 
00600 0.009785 
00650 0.009580 
00700 0.008963 
00750 0.008603 
Non-adversarial prior obtained at iteration 750 top 3 /5
00000 0.038791 
00050 0.010833 
00100 0.009772 
00150 0.009372 
00200 0.008941 
00250 0.008546 
00300 0.008197 
00350 0.008006 
00400 0.007473 
00450 0.007359 
00500 0.006924 
00550 0.006721 
00600 0.006623 
00650 0.006258 
00700 0.006091 
00750 0.005869 
00800 0.005604 
00850 0.005501 
00900 0.005323 
00950 0.005251 
01000 0.005115 
01050 0.005044 
01100 0.004879 
01150 0.004827 
01200 0.004742 
Non-adversarial prior obtained at iteration 1200 top 2 /5
00000 0.081850 
00050 0.014184 
00100 0.011051 
00150 0.008884 
00200 0.007545 
00250 0.006987 
00300 0.006615 
00350 0.006312 
00400 0.005834 
00450 0.005286 
00500 0.004946 
00550 0.004834 
00600 0.004665 
00650 0.004386 
00700 0.004174 
00750 0.004085 
00800 0.003916 
00850 0.003805 
00900 0.003664 
00950 0.003551 
01000 0.003460 
01050 0.003299 
01100 0.003221 
01150 0.003153 
01200 0.003003 
01250 0.002895 
01300 0.002857 
01350 0.002776 
01400 0.002705 
01450 0.002598 
Non-adversarial prior obtained at iteration 1450 top 1 /5
00000 0.092411 
00050 0.030396 
00100 0.024608 
00150 0.020956 
00200 0.018689 
Non-adversarial prior obtained at iteration 200 top 3 /5
00000 0.110184 
00050 0.036615 
00100 0.028065 
00150 0.023927 
00200 0.019997 
00250 0.016670 
00300 0.012487 
Non-adversarial prior obtained at iteration 300 top 5 /5
00000 0.057154 
00050 0.014650 
00100 0.011879 
00150 0.010923 
00200 0.010109 
Non-adversarial prior obtained at iteration 200 top 1 /5
00000 0.071809 
00050 0.022588 
00100 0.017832 
00150 0.013363 
00200 0.011925 
00250 0.010953 
00300 0.010426 
00350 0.010271 
00400 0.009733 
00450 0.009239 
00500 0.008873 
00550 0.008552 
00600 0.008365 
00650 0.008200 
00700 0.007939 
00750 0.007889 
00800 0.007525 
00850 0.007412 
00900 0.007211 
00950 0.007027 
01000 0.006847 
01050 0.006697 
Non-adversarial prior obtained at iteration 1050 top 4 /5
00000 0.149689 
00050 0.038467 
00100 0.025505 
00150 0.020699 
00200 0.016688 
00250 0.016281 
00300 0.015312 
00350 0.014443 
00400 0.014086 
00450 0.013253 
00500 0.012922 
00550 0.012161 
00600 0.011852 
00650 0.011270 
00700 0.011096 
00750 0.010705 
00800 0.010227 
00850 0.010087 
Non-adversarial prior obtained at iteration 850 top 2 /5
00000 0.133759 
00050 0.013672 
00100 0.011087 
00150 0.009073 
00200 0.007164 
00250 0.006839 
00300 0.006282 
00350 0.006026 
00400 0.005726 
00450 0.005574 
00500 0.005097 
00550 0.004985 
00600 0.004776 
00650 0.004751 
00700 0.004449 
00750 0.004344 
00800 0.003993 
Non-adversarial prior obtained at iteration 800 top 4 /5
00000 0.123272 
00050 0.037859 
00100 0.029530 
00150 0.023503 
00200 0.018875 
00250 0.015764 
00300 0.014252 
00350 0.013312 
00400 0.012775 
00450 0.012006 
00500 0.011043 
00550 0.010406 
00600 0.009922 
00650 0.009621 
Non-adversarial prior obtained at iteration 650 top 1 /5
00000 0.103577 
00050 0.017570 
00100 0.013432 
00150 0.008383 
00200 0.007205 
00250 0.005974 
00300 0.005380 
00350 0.004464 
00400 0.004077 
00450 0.003308 
00500 0.003099 
00550 0.002871 
00600 0.002477 
00650 0.002518 
00700 0.002246 
00750 0.002157 
00800 0.002027 
00850 0.001967 
00900 0.001870 
00950 0.001696 
01000 0.001698 
01050 0.001672 
01100 0.001526 
01150 0.001431 
Non-adversarial prior obtained at iteration 1150 top 5 /5
00000 0.066382 
00050 0.024354 
Non-adversarial prior obtained at iteration 50 top 1 /5
00000 0.133684 
00050 0.058524 
00100 0.051182 
Non-adversarial prior obtained at iteration 100 top 1 /5
00000 0.063605 
00050 0.020593 
00100 0.017005 
Non-adversarial prior obtained at iteration 100 top 3 /5
00000 0.107248 
Non-adversarial prior obtained at iteration 0 top 4 /5
00000 0.099035 
00050 0.038013 
00100 0.026979 
00150 0.019706 
Non-adversarial prior obtained at iteration 150 top 2 /5
00000 0.107262 
00050 0.034451 
Non-adversarial prior obtained at iteration 50 top 1 /5
00000 0.124685 
00050 0.037496 
00100 0.024450 
Non-adversarial prior obtained at iteration 100 top 2 /5
00000 0.139990 
00050 0.019859 
00100 0.013045 
Non-adversarial prior obtained at iteration 100 top 1 /5
00000 0.088210 
00050 0.024419 
00100 0.017512 
00150 0.014089 
00200 0.011464 
00250 0.009283 
00300 0.008244 
00350 0.007146 
00400 0.006508 
00450 0.005845 
00500 0.005567 
00550 0.004878 
00600 0.004788 
Non-adversarial prior obtained at iteration 600 top 1 /5
00000 0.047319 
00050 0.020662 
00100 0.012873 
00150 0.009498 
00200 0.007670 
00250 0.006909 
00300 0.006242 
00350 0.005295 
Non-adversarial prior obtained at iteration 350 top 3 /5
00000 0.070078 
00050 0.017464 
00100 0.014398 
00150 0.012816 
00200 0.012015 
00250 0.010899 
00300 0.010422 
00350 0.009864 
00400 0.009088 
00450 0.008655 
00500 0.008314 
00550 0.007612 
00600 0.007321 
00650 0.006913 
00700 0.006689 
00750 0.006261 
00800 0.006132 
00850 0.005859 
00900 0.005638 
00950 0.005470 
01000 0.005219 
01050 0.005174 
01100 0.005061 
01150 0.004771 
Non-adversarial prior obtained at iteration 1150 top 2 /5
00000 0.138280 
00050 0.025141 
00100 0.016422 
00150 0.014348 
00200 0.012321 
00250 0.012026 
00300 0.011042 
00350 0.010609 
00400 0.010019 
00450 0.009436 
00500 0.009109 
00550 0.008760 
00600 0.008354 
Non-adversarial prior obtained at iteration 600 top 3 /5
00000 0.050838 
00050 0.022609 
00100 0.017444 
00150 0.013843 
00200 0.011791 
00250 0.010015 
00300 0.008852 
00350 0.008306 
00400 0.007676 
00450 0.007216 
00500 0.006686 
00550 0.006466 
00600 0.006029 
00650 0.005809 
00700 0.005648 
00750 0.005421 
00800 0.005022 
00850 0.004896 
00900 0.004646 
00950 0.004518 
01000 0.004346 
01050 0.004184 
01100 0.004007 
01150 0.003829 
01200 0.003771 
01250 0.003659 
01300 0.003493 
01350 0.003378 
01400 0.003300 
01450 0.003155 
01500 0.003069 
01550 0.002987 
01600 0.003008 
01650 0.002877 
01700 0.002778 
Non-adversarial prior obtained at iteration 1700 top 5 /5
00000 0.115842 
00050 0.015197 
00100 0.011589 
00150 0.008621 
00200 0.006880 
00250 0.006468 
00300 0.005566 
00350 0.005022 
00400 0.004874 
00450 0.004768 
00500 0.004494 
00550 0.004429 
00600 0.004104 
00650 0.003967 
00700 0.003948 
Non-adversarial prior obtained at iteration 700 top 2 /5
00000 0.037273 
00050 0.010709 
00100 0.009673 
00150 0.009075 
00200 0.008799 
00250 0.008642 
00300 0.008522 
00350 0.008340 
00400 0.008217 
00450 0.008039 
00500 0.007857 
00550 0.007739 
Non-adversarial prior obtained at iteration 550 top 2 /5
00000 0.070446 
00050 0.035563 
00100 0.032880 
00150 0.029937 
00200 0.028814 
00250 0.027752 
00300 0.027290 
00350 0.026601 
00400 0.026345 
00450 0.025762 
00500 0.025225 
00550 0.024867 
00600 0.024802 
00650 0.024243 
00700 0.023780 
00750 0.023565 
00800 0.022998 
00850 0.022209 
00900 0.021750 
00950 0.021122 
Non-adversarial prior obtained at iteration 950 top 3 /5
00000 0.108811 
00050 0.042590 
00100 0.028614 
00150 0.023856 
00200 0.019769 
00250 0.016299 
00300 0.015117 
00350 0.014629 
00400 0.014378 
00450 0.014096 
00500 0.013902 
00550 0.013818 
00600 0.013674 
00650 0.013549 
00700 0.013445 
00750 0.013273 
00800 0.013254 
00850 0.013122 
00900 0.013013 
00950 0.012899 
01000 0.012816 
01050 0.012797 
01100 0.012598 
Non-adversarial prior obtained at iteration 1100 top 5 /5
00000 0.041267 
00050 0.010614 
00100 0.009074 
00150 0.007975 
00200 0.007179 
00250 0.006887 
00300 0.006675 
00350 0.006500 
00400 0.006408 
00450 0.006315 
00500 0.006081 
00550 0.005974 
00600 0.005911 
00650 0.005800 
00700 0.005651 
00750 0.005497 
00800 0.005393 
00850 0.005249 
00900 0.005224 
00950 0.005020 
01000 0.004988 
01050 0.004839 
01100 0.004709 
01150 0.004616 
01200 0.004573 
01250 0.004538 
01300 0.004409 
01350 0.004268 
01400 0.004190 
01450 0.004130 
01500 0.004081 
01550 0.004000 
01600 0.003938 
01650 0.003820 
01700 0.003803 
01750 0.003657 
01800 0.003592 
01850 0.003529 
01900 0.003521 
01950 0.003378 
02000 0.003305 
02050 0.003271 
02100 0.003263 
02150 0.003186 
02200 0.003065 
02250 0.003069 
02300 0.002988 
02350 0.003004 
02400 0.002869 
02450 0.002842 
02500 0.002798 
02550 0.002801 
02600 0.002778 
02650 0.002663 
02700 0.002616 
02750 0.002580 
02800 0.002604 
02850 0.002551 
02900 0.002510 
02950 0.002444 
00000 0.144448 
00050 0.036120 
00100 0.017854 
00150 0.012148 
00200 0.010229 
00250 0.009587 
00300 0.009021 
00350 0.007123 
00400 0.006769 
00450 0.005335 
00500 0.005048 
Non-adversarial prior obtained at iteration 500 top 2 /5
00000 0.078071 
00050 0.020777 
00100 0.012114 
00150 0.009446 
00200 0.007570 
00250 0.005980 
00300 0.005338 
00350 0.004789 
00400 0.004484 
00450 0.004376 
00500 0.003795 
00550 0.003737 
00600 0.003465 
00650 0.003282 
00700 0.003149 
00750 0.003026 
00800 0.002920 
00850 0.002816 
00900 0.002690 
00950 0.002518 
01000 0.002467 
01050 0.002485 
01100 0.002195 
01150 0.002135 
01200 0.002059 
01250 0.001982 
01300 0.001902 
01350 0.001858 
01400 0.001825 
01450 0.001752 
01500 0.001721 
01550 0.001654 
01600 0.001593 
01650 0.001568 
01700 0.001538 
01750 0.001521 
01800 0.001435 
01850 0.001431 
01900 0.001376 
01950 0.001401 
02000 0.001351 
02050 0.001311 
02100 0.001285 
02150 0.001304 
02200 0.001253 
02250 0.001229 
02300 0.001191 
02350 0.001166 
02400 0.001176 
02450 0.001162 
02500 0.001141 
02550 0.001097 
02600 0.001094 
02650 0.001058 
02700 0.001037 
02750 0.001059 
02800 0.001010 
02850 0.001029 
02900 0.001017 
02950 0.000986 
00000 0.090819 
00050 0.016827 
00100 0.009556 
00150 0.006652 
00200 0.006319 
00250 0.005267 
00300 0.004710 
00350 0.004372 
00400 0.004261 
00450 0.003791 
00500 0.003569 
00550 0.003635 
00600 0.003654 
00650 0.003266 
00700 0.003081 
00750 0.002978 
00800 0.002940 
00850 0.002776 
Non-adversarial prior obtained at iteration 850 top 2 /5
00000 0.064124 
00050 0.036819 
00100 0.033434 
00150 0.031450 
00200 0.030136 
Non-adversarial prior obtained at iteration 200 top 5 /5
00000 0.062647 
00050 0.017097 
00100 0.012992 
00150 0.010439 
00200 0.009969 
00250 0.008584 
00300 0.008176 
00350 0.008205 
Non-adversarial prior obtained at iteration 350 top 5 /5
00000 0.117183 
00050 0.038924 
00100 0.022549 
00150 0.019474 
00200 0.019697 
00250 0.015069 
00300 0.014280 
00350 0.013223 
00400 0.012392 
00450 0.011717 
00500 0.011377 
00550 0.010921 
00600 0.010318 
00650 0.009584 
00700 0.009428 
00750 0.008727 
00800 0.008350 
00850 0.007809 
00900 0.007378 
00950 0.006913 
01000 0.006504 
01050 0.006192 
01100 0.005886 
01150 0.005538 
01200 0.005287 
01250 0.004866 
01300 0.004663 
01350 0.004388 
01400 0.004103 
01450 0.004032 
01500 0.003898 
01550 0.003730 
01600 0.003421 
01650 0.003437 
01700 0.003200 
01750 0.003122 
01800 0.003046 
01850 0.002893 
01900 0.002829 
01950 0.002775 
02000 0.002670 
02050 0.002614 
02100 0.002544 
Non-adversarial prior obtained at iteration 2100 top 3 /5
00000 0.039341 
00050 0.017176 
00100 0.014162 
Non-adversarial prior obtained at iteration 100 top 5 /5
00000 0.077788 
00050 0.023398 
00100 0.014094 
00150 0.012322 
00200 0.010319 
00250 0.009279 
00300 0.008499 
00350 0.008348 
00400 0.007745 
00450 0.007308 
Non-adversarial prior obtained at iteration 450 top 1 /5
00000 0.111780 
00050 0.024236 
00100 0.016908 
00150 0.011874 
00200 0.009640 
00250 0.008342 
00300 0.007510 
00350 0.006700 
00400 0.006469 
00450 0.005972 
00500 0.005375 
Non-adversarial prior obtained at iteration 500 top 5 /5
00000 0.168435 
00050 0.018767 
00100 0.006822 
00150 0.004314 
00200 0.003378 
00250 0.002646 
00300 0.002257 
00350 0.001986 
00400 0.001831 
00450 0.001615 
00500 0.001501 
00550 0.001436 
00600 0.001315 
00650 0.001222 
00700 0.001202 
00750 0.001123 
00800 0.001093 
00850 0.001233 
00900 0.000968 
00950 0.000940 
01000 0.000869 
01050 0.000825 
01100 0.000817 
01150 0.000797 
01200 0.000679 
01250 0.000681 
01300 0.000853 
Non-adversarial prior obtained at iteration 1300 top 1 /5
00000 0.111386 
00050 0.021768 
00100 0.009283 
00150 0.005332 
00200 0.003851 
00250 0.003267 
00300 0.002913 
00350 0.002025 
Non-adversarial prior obtained at iteration 350 top 1 /5
00000 0.060687 
00050 0.017151 
00100 0.010004 
00150 0.007841 
00200 0.006360 
00250 0.005670 
00300 0.005089 
00350 0.004571 
00400 0.004223 
00450 0.003916 
00500 0.003666 
00550 0.003431 
00600 0.003277 
00650 0.003111 
00700 0.002846 
00750 0.002692 
00800 0.002638 
00850 0.002485 
00900 0.002363 
00950 0.002360 
01000 0.002219 
01050 0.002157 
Non-adversarial prior obtained at iteration 1050 top 2 /5
00000 0.072289 
00050 0.020180 
00100 0.011992 
00150 0.005984 
Non-adversarial prior obtained at iteration 150 top 5 /5
00000 0.092737 
00050 0.014637 
00100 0.009181 
00150 0.007934 
00200 0.007266 
00250 0.005246 
00300 0.004886 
00350 0.004558 
00400 0.004190 
00450 0.003961 
00500 0.003752 
00550 0.003480 
00600 0.003313 
00650 0.003189 
00700 0.002942 
Non-adversarial prior obtained at iteration 700 top 4 /5
00000 0.075642 
00050 0.017353 
00100 0.011576 
00150 0.008235 
00200 0.005724 
00250 0.004524 
00300 0.003763 
Non-adversarial prior obtained at iteration 300 top 1 /5
00000 0.040554 
00050 0.010636 
00100 0.007555 
00150 0.005678 
Non-adversarial prior obtained at iteration 150 top 5 /5
00000 0.121100 
00050 0.023706 
00100 0.017316 
00150 0.012159 
00200 0.009224 
00250 0.006761 
Non-adversarial prior obtained at iteration 250 top 1 /5
00000 0.082119 
00050 0.034370 
00100 0.028042 
00150 0.022878 
00200 0.019402 
Non-adversarial prior obtained at iteration 200 top 5 /5
00000 0.125305 
00050 0.032273 
00100 0.027559 
00150 0.024160 
00200 0.021763 
00250 0.018334 
00300 0.014940 
00350 0.012070 
00400 0.010917 
00450 0.009583 
00500 0.008745 
00550 0.007844 
00600 0.007471 
00650 0.006944 
00700 0.006501 
00750 0.006090 
00800 0.005614 
00850 0.005322 
00900 0.004960 
00950 0.004736 
01000 0.004479 
01050 0.004146 
01100 0.003885 
01150 0.003866 
Non-adversarial prior obtained at iteration 1150 top 5 /5
00000 0.074990 
00050 0.038072 
00100 0.034238 
00150 0.032095 
00200 0.030815 
00250 0.029331 
00300 0.027253 
00350 0.025755 
00400 0.024181 
00450 0.022128 
00500 0.020787 
00550 0.020076 
00600 0.019002 
00650 0.018356 
00700 0.017807 
00750 0.017276 
Non-adversarial prior obtained at iteration 750 top 1 /5
00000 0.064332 
00050 0.025284 
00100 0.019808 
00150 0.016427 
00200 0.014227 
00250 0.012060 
00300 0.010940 
00350 0.010259 
00400 0.009322 
00450 0.008928 
00500 0.008143 
00550 0.007816 
00600 0.007428 
00650 0.007022 
00700 0.006760 
Non-adversarial prior obtained at iteration 700 top 3 /5
00000 0.090918 
00050 0.037867 
00100 0.026239 
00150 0.021908 
00200 0.018782 
00250 0.016721 
00300 0.015612 
00350 0.013938 
Non-adversarial prior obtained at iteration 350 top 1 /5
00000 0.077364 
00050 0.032889 
00100 0.022313 
00150 0.017793 
00200 0.015136 
Non-adversarial prior obtained at iteration 200 top 3 /5
00000 0.017438 
00050 0.003968 
00100 0.003237 
00150 0.002230 
00200 0.001841 
00250 0.001588 
00300 0.001705 
00350 0.001324 
00400 0.001324 
00450 0.001063 
Non-adversarial prior obtained at iteration 450 top 4 /5
00000 0.190666 
00050 0.036692 
00100 0.021345 
00150 0.011640 
00200 0.009432 
00250 0.007917 
00300 0.008427 
00350 0.005886 
00400 0.006176 
00450 0.005862 
00500 0.004483 
00550 0.004012 
00600 0.003844 
00650 0.003585 
00700 0.003728 
00750 0.003215 
00800 0.003169 
00850 0.003863 
00900 0.003108 
00950 0.003096 
01000 0.002749 
01050 0.002822 
01100 0.002503 
01150 0.002439 
01200 0.002562 
01250 0.002594 
01300 0.002324 
01350 0.002351 
01400 0.002322 
01450 0.002346 
01500 0.002087 
01550 0.002110 
01600 0.002070 
01650 0.002035 
01700 0.001996 
01750 0.001837 
01800 0.001709 
01850 0.001845 
01900 0.001767 
01950 0.001571 
Non-adversarial prior obtained at iteration 1950 top 4 /5
00000 0.079494 
00050 0.030499 
00100 0.022858 
00150 0.018031 
00200 0.014986 
00250 0.012509 
Non-adversarial prior obtained at iteration 250 top 4 /5
00000 0.069993 
00050 0.018154 
00100 0.012909 
00150 0.008585 
00200 0.006842 
00250 0.005629 
00300 0.004651 
00350 0.004524 
00400 0.003703 
00450 0.003524 
00500 0.003410 
00550 0.003118 
00600 0.003072 
00650 0.002594 
00700 0.002373 
00750 0.002586 
00800 0.002336 
00850 0.002159 
00900 0.002057 
00950 0.002011 
01000 0.001944 
01050 0.001887 
01100 0.001799 
01150 0.001882 
01200 0.001694 
01250 0.001778 
01300 0.001550 
01350 0.001545 
01400 0.001542 
01450 0.001470 
01500 0.001476 
01550 0.001409 
Non-adversarial prior obtained at iteration 1550 top 5 /5
00000 0.028544 
00050 0.009679 
00100 0.007995 
00150 0.006860 
00200 0.005986 
00250 0.005484 
00300 0.005124 
00350 0.004784 
00400 0.004623 
00450 0.004554 
Non-adversarial prior obtained at iteration 450 top 2 /5
00000 0.158391 
00050 0.020313 
00100 0.011964 
00150 0.010702 
00200 0.008438 
00250 0.007978 
00300 0.006771 
00350 0.006155 
00400 0.005579 
00450 0.005410 
00500 0.005077 
00550 0.004028 
00600 0.003339 
00650 0.003017 
00700 0.002738 
00750 0.002830 
00800 0.002572 
00850 0.002231 
Non-adversarial prior obtained at iteration 850 top 1 /5
00000 0.093028 
00050 0.019818 
00100 0.012090 
00150 0.008647 
00200 0.005849 
00250 0.004708 
00300 0.004204 
00350 0.003645 
00400 0.003124 
00450 0.002848 
00500 0.002521 
00550 0.002316 
00600 0.002131 
00650 0.001979 
00700 0.001965 
00750 0.001797 
00800 0.001594 
00850 0.001592 
00900 0.001361 
00950 0.001303 
01000 0.001173 
01050 0.001055 
01100 0.000962 
01150 0.000890 
01200 0.000827 
01250 0.000865 
01300 0.000748 
01350 0.000673 
Non-adversarial prior obtained at iteration 1350 top 1 /5
00000 0.044849 
00050 0.017784 
00100 0.011962 
00150 0.010493 
00200 0.009618 
00250 0.009264 
00300 0.008847 
00350 0.008264 
00400 0.007824 
00450 0.007642 
00500 0.007401 
00550 0.007015 
00600 0.006953 
00650 0.006780 
00700 0.006606 
00750 0.006468 
Non-adversarial prior obtained at iteration 750 top 3 /5
00000 0.075412 
00050 0.019783 
00100 0.015904 
00150 0.009498 
00200 0.008468 
00250 0.006105 
00300 0.005753 
00350 0.004262 
00400 0.004114 
Non-adversarial prior obtained at iteration 400 top 3 /5
00000 0.059878 
00050 0.013455 
00100 0.009020 
Non-adversarial prior obtained at iteration 100 top 4 /5
00000 0.109525 
00050 0.011818 
00100 0.008708 
00150 0.007475 
00200 0.006918 
00250 0.006319 
00300 0.005115 
Non-adversarial prior obtained at iteration 300 top 5 /5
00000 0.039920 
00050 0.011582 
00100 0.008684 
00150 0.006311 
Non-adversarial prior obtained at iteration 150 top 2 /5
00000 0.072645 
00050 0.022621 
00100 0.012907 
00150 0.009655 
00200 0.006878 
00250 0.005655 
00300 0.005157 
Non-adversarial prior obtained at iteration 300 top 3 /5
00000 0.081483 
00050 0.038767 
00100 0.023472 
00150 0.013194 
Non-adversarial prior obtained at iteration 150 top 1 /5
00000 0.068489 
00050 0.019551 
00100 0.010728 
00150 0.007778 
00200 0.006231 
00250 0.005613 
00300 0.004910 
Non-adversarial prior obtained at iteration 300 top 1 /5
00000 0.051507 
00050 0.023224 
00100 0.020532 
00150 0.018235 
00200 0.016929 
00250 0.015129 
00300 0.014009 
00350 0.013120 
00400 0.012490 
Non-adversarial prior obtained at iteration 400 top 3 /5
00000 0.050786 
00050 0.021769 
00100 0.019356 
00150 0.017347 
00200 0.016039 
00250 0.014754 
Non-adversarial prior obtained at iteration 250 top 1 /5
00000 0.036212 
00050 0.020350 
00100 0.017128 
00150 0.014381 
00200 0.013106 
00250 0.012114 
00300 0.011287 
00350 0.010797 
Non-adversarial prior obtained at iteration 350 top 5 /5
00000 0.123138 
00050 0.025284 
00100 0.022762 
00150 0.020054 
00200 0.018671 
00250 0.017575 
Non-adversarial prior obtained at iteration 250 top 2 /5
00000 0.256443 
00050 0.018276 
00100 0.005049 
Non-adversarial prior obtained at iteration 100 top 1 /5
00000 0.116443 
00050 0.025578 
00100 0.019208 
00150 0.017731 
00200 0.015854 
00250 0.015052 
00300 0.014459 
00350 0.014175 
00400 0.013815 
00450 0.013359 
00500 0.012899 
00550 0.012660 
00600 0.012364 
00650 0.012184 
00700 0.011908 
00750 0.011739 
00800 0.011509 
00850 0.011433 
00900 0.010980 
00950 0.010790 
01000 0.010441 
01050 0.010404 
01100 0.010205 
01150 0.009892 
01200 0.009657 
01250 0.009535 
01300 0.009306 
01350 0.009172 
01400 0.009003 
01450 0.008836 
01500 0.008527 
Non-adversarial prior obtained at iteration 1500 top 3 /5
00000 0.080890 
00050 0.028526 
00100 0.024682 
00150 0.020492 
00200 0.018831 
00250 0.017874 
00300 0.016148 
00350 0.015021 
00400 0.014272 
00450 0.013775 
00500 0.013200 
00550 0.012507 
00600 0.012170 
00650 0.011636 
00700 0.011268 
00750 0.010781 
Non-adversarial prior obtained at iteration 750 top 3 /5
00000 0.031428 
00050 0.014920 
00100 0.012734 
00150 0.012637 
00200 0.012261 
00250 0.012092 
00300 0.011679 
00350 0.011424 
00400 0.011050 
00450 0.010731 
00500 0.010415 
00550 0.009963 
00600 0.009675 
00650 0.009608 
00700 0.009145 
00750 0.009119 
00800 0.008784 
00850 0.008539 
00900 0.008436 
00950 0.008259 
01000 0.008079 
01050 0.007949 
01100 0.007733 
01150 0.007661 
01200 0.007476 
01250 0.007312 
01300 0.007222 
Non-adversarial prior obtained at iteration 1300 top 3 /5
00000 0.089897 
00050 0.015456 
00100 0.012782 
00150 0.011062 
00200 0.009584 
00250 0.008792 
00300 0.008060 
00350 0.007842 
00400 0.007263 
00450 0.006753 
00500 0.006432 
00550 0.006146 
00600 0.005744 
00650 0.005451 
00700 0.005164 
00750 0.004956 
00800 0.004787 
00850 0.004551 
00900 0.004350 
00950 0.004273 
01000 0.004286 
01050 0.003998 
01100 0.003869 
01150 0.003764 
01200 0.003545 
01250 0.003529 
Non-adversarial prior obtained at iteration 1250 top 5 /5
00000 0.087767 
00050 0.033647 
00100 0.028128 
Non-adversarial prior obtained at iteration 100 top 2 /5
00000 0.100390 
00050 0.039502 
00100 0.030009 
00150 0.024501 
00200 0.020582 
00250 0.017509 
00300 0.015294 
00350 0.013469 
Non-adversarial prior obtained at iteration 350 top 4 /5
00000 0.066479 
00050 0.019062 
00100 0.016443 
00150 0.015546 
00200 0.015049 
00250 0.014572 
00300 0.014359 
Non-adversarial prior obtained at iteration 300 top 3 /5
00000 0.096857 
00050 0.028525 
00100 0.021316 
00150 0.018377 
00200 0.016217 
00250 0.014376 
00300 0.013564 
00350 0.012999 
00400 0.012344 
00450 0.011741 
00500 0.011463 
00550 0.011213 
00600 0.011035 
00650 0.010659 
Non-adversarial prior obtained at iteration 650 top 5 /5
00000 0.154431 
00050 0.034034 
00100 0.026779 
00150 0.022924 
00200 0.020096 
00250 0.019109 
00300 0.017895 
00350 0.017334 
00400 0.017405 
00450 0.016220 
00500 0.016133 
00550 0.015797 
00600 0.015187 
00650 0.014894 
00700 0.014575 
00750 0.014086 
00800 0.013600 
Non-adversarial prior obtained at iteration 800 top 2 /5
00000 0.139420 
00050 0.015221 
00100 0.012146 
00150 0.008945 
00200 0.007897 
00250 0.007300 
00300 0.006851 
00350 0.006556 
00400 0.006377 
00450 0.006014 
Non-adversarial prior obtained at iteration 450 top 4 /5
00000 0.128540 
00050 0.037742 
00100 0.029217 
00150 0.024862 
00200 0.021136 
00250 0.018393 
00300 0.016201 
00350 0.015197 
00400 0.014635 
00450 0.013799 
00500 0.013400 
00550 0.012816 
Non-adversarial prior obtained at iteration 550 top 5 /5
00000 0.106879 
00050 0.017104 
00100 0.009947 
00150 0.008013 
00200 0.006756 
00250 0.005786 
00300 0.005212 
00350 0.004741 
00400 0.004036 
00450 0.003458 
00500 0.003151 
00550 0.002940 
00600 0.002764 
00650 0.002523 
00700 0.002332 
00750 0.002158 
00800 0.002116 
00850 0.001979 
00900 0.001885 
00950 0.001877 
01000 0.001791 
01050 0.001707 
Non-adversarial prior obtained at iteration 1050 top 5 /5
00000 0.068019 
00050 0.028928 
Non-adversarial prior obtained at iteration 50 top 1 /5
00000 0.151414 
00050 0.057224 
00100 0.049228 
Non-adversarial prior obtained at iteration 100 top 1 /5
00000 0.061573 
00050 0.025400 
00100 0.022695 
00150 0.018352 
Non-adversarial prior obtained at iteration 150 top 1 /5
00000 0.099404 
00050 0.053270 
00100 0.047056 
00150 0.045629 
00200 0.043702 
Non-adversarial prior obtained at iteration 200 top 1 /5
00000 0.120764 
00050 0.042306 
00100 0.029134 
00150 0.023338 
00200 0.019957 
00250 0.018956 
00300 0.016147 
Non-adversarial prior obtained at iteration 300 top 4 /5
00000 0.145073 
00050 0.094236 
Non-adversarial prior obtained at iteration 50 top 2 /5
00000 0.129267 
00050 0.057048 
00100 0.035785 
Non-adversarial prior obtained at iteration 100 top 5 /5
00000 0.177091 
00050 0.023792 
00100 0.013506 
Non-adversarial prior obtained at iteration 100 top 4 /5
00000 0.080829 
00050 0.022582 
00100 0.017476 
00150 0.013122 
00200 0.011013 
00250 0.009567 
00300 0.007955 
00350 0.006751 
Non-adversarial prior obtained at iteration 350 top 3 /5
00000 0.054563 
00050 0.025408 
00100 0.016696 
00150 0.011539 
00200 0.010054 
00250 0.008564 
00300 0.007489 
00350 0.006760 
Non-adversarial prior obtained at iteration 350 top 5 /5
00000 0.064677 
00050 0.019438 
00100 0.015563 
00150 0.013006 
00200 0.012277 
00250 0.011534 
00300 0.010387 
00350 0.010053 
00400 0.009488 
00450 0.009060 
00500 0.008523 
00550 0.008073 
00600 0.007891 
00650 0.007307 
00700 0.007082 
00750 0.006833 
00800 0.006498 
00850 0.006310 
00900 0.006076 
Non-adversarial prior obtained at iteration 900 top 5 /5
00000 0.111649 
00050 0.026439 
00100 0.022655 
00150 0.020811 
00200 0.019112 
00250 0.018626 
00300 0.017771 
00350 0.016975 
00400 0.016761 
00450 0.016511 
00500 0.016042 
00550 0.015639 
00600 0.015393 
00650 0.015236 
00700 0.014803 
00750 0.014430 
00800 0.014011 
Non-adversarial prior obtained at iteration 800 top 4 /5
00000 0.039979 
00050 0.023518 
00100 0.018415 
00150 0.014631 
00200 0.012241 
00250 0.010436 
00300 0.009068 
00350 0.008609 
00400 0.007750 
00450 0.007503 
00500 0.007177 
00550 0.006609 
00600 0.006349 
00650 0.006000 
00700 0.005624 
00750 0.005350 
00800 0.005100 
00850 0.004961 
00900 0.004722 
00950 0.004589 
01000 0.004378 
01050 0.004244 
01100 0.004224 
01150 0.003974 
01200 0.003780 
01250 0.003713 
01300 0.003656 
01350 0.003490 
01400 0.003356 
01450 0.003259 
01500 0.003163 
Non-adversarial prior obtained at iteration 1500 top 4 /5
00000 0.114299 
00050 0.015573 
00100 0.011258 
00150 0.009309 
00200 0.008238 
00250 0.007204 
00300 0.006732 
00350 0.006027 
00400 0.005875 
00450 0.005403 
00500 0.005176 
00550 0.005066 
00600 0.004763 
00650 0.004670 
00700 0.004608 
00750 0.004479 
00800 0.004462 
00850 0.004348 
00900 0.004230 
00950 0.004219 
01000 0.004092 
01050 0.004062 
01100 0.003977 
01150 0.003896 
01200 0.003838 
01250 0.003775 
01300 0.003753 
01350 0.003640 
01400 0.003652 
01450 0.003548 
01500 0.003531 
01550 0.003451 
Non-adversarial prior obtained at iteration 1550 top 3 /5
00000 0.036549 
00050 0.010333 
00100 0.009012 
00150 0.008822 
00200 0.008542 
00250 0.008399 
00300 0.008167 
00350 0.007982 
00400 0.007762 
00450 0.007606 
00500 0.007373 
00550 0.007267 
00600 0.007148 
Non-adversarial prior obtained at iteration 600 top 3 /5
00000 0.081514 
00050 0.046857 
00100 0.041128 
00150 0.039377 
00200 0.037784 
00250 0.037151 
00300 0.036341 
00350 0.036078 
00400 0.035777 
00450 0.035437 
00500 0.035187 
00550 0.034817 
00600 0.034474 
00650 0.034027 
00700 0.033719 
00750 0.032820 
00800 0.032288 
00850 0.031840 
00900 0.030878 
00950 0.030327 
01000 0.029357 
01050 0.028694 
01100 0.027855 
01150 0.027060 
01200 0.026131 
01250 0.025662 
01300 0.024924 
Non-adversarial prior obtained at iteration 1300 top 4 /5
00000 0.120040 
00050 0.061759 
00100 0.046304 
00150 0.040965 
00200 0.034004 
00250 0.031396 
00300 0.030274 
00350 0.029813 
00400 0.029603 
00450 0.029257 
00500 0.029116 
00550 0.028926 
00600 0.028729 
00650 0.028644 
00700 0.028556 
00750 0.028361 
00800 0.028111 
00850 0.027943 
00900 0.027875 
00950 0.027678 
01000 0.027493 
01050 0.027383 
01100 0.027084 
01150 0.026954 
01200 0.026728 
Non-adversarial prior obtained at iteration 1200 top 4 /5
00000 0.033743 
00050 0.010303 
00100 0.009057 
00150 0.007876 
00200 0.007328 
00250 0.007060 
00300 0.006776 
00350 0.006559 
00400 0.006413 
00450 0.006302 
00500 0.006163 
00550 0.005987 
00600 0.005904 
00650 0.005824 
00700 0.005686 
00750 0.005603 
00800 0.005431 
00850 0.005274 
00900 0.005136 
00950 0.005058 
01000 0.004882 
01050 0.004739 
01100 0.004646 
01150 0.004534 
01200 0.004418 
01250 0.004350 
01300 0.004225 
01350 0.004117 
01400 0.004031 
01450 0.003931 
01500 0.003843 
01550 0.003767 
01600 0.003699 
01650 0.003598 
01700 0.003517 
01750 0.003500 
01800 0.003407 
01850 0.003291 
01900 0.003244 
01950 0.003199 
02000 0.003099 
02050 0.003075 
02100 0.003028 
02150 0.002977 
02200 0.002890 
02250 0.002834 
02300 0.002797 
02350 0.002755 
02400 0.002787 
02450 0.002699 
02500 0.002616 
02550 0.002583 
02600 0.002551 
02650 0.002556 
02700 0.002543 
Non-adversarial prior obtained at iteration 2700 top 4 /5
00000 0.141404 
00050 0.036013 
00100 0.018027 
00150 0.012008 
00200 0.010565 
00250 0.009145 
00300 0.008057 
00350 0.007147 
00400 0.006210 
00450 0.005199 
00500 0.004710 
00550 0.004292 
Non-adversarial prior obtained at iteration 550 top 2 /5
00000 0.104802 
00050 0.024730 
00100 0.012741 
00150 0.008987 
00200 0.007957 
00250 0.007287 
00300 0.006193 
00350 0.005467 
00400 0.005017 
00450 0.004612 
00500 0.004253 
00550 0.004041 
00600 0.003740 
00650 0.003538 
00700 0.003388 
00750 0.003148 
00800 0.003098 
00850 0.002927 
00900 0.002908 
00950 0.002715 
01000 0.002485 
01050 0.002464 
01100 0.002372 
01150 0.002230 
01200 0.002141 
01250 0.002105 
01300 0.002022 
01350 0.001918 
01400 0.001844 
01450 0.001822 
01500 0.001749 
01550 0.001658 
01600 0.001594 
01650 0.001588 
01700 0.001576 
01750 0.001527 
01800 0.001510 
01850 0.001470 
01900 0.001384 
01950 0.001366 
02000 0.001370 
02050 0.001330 
02100 0.001321 
02150 0.001282 
02200 0.001253 
02250 0.001237 
02300 0.001244 
02350 0.001157 
02400 0.001170 
02450 0.001125 
02500 0.001126 
02550 0.001102 
02600 0.001168 
02650 0.001076 
02700 0.001062 
02750 0.001062 
02800 0.001059 
02850 0.001022 
02900 0.001038 
02950 0.001018 
00000 0.074712 
00050 0.010161 
00100 0.007730 
00150 0.006679 
00200 0.006000 
00250 0.004999 
00300 0.004643 
00350 0.004078 
00400 0.003800 
00450 0.003594 
00500 0.003462 
00550 0.003411 
00600 0.003272 
00650 0.003164 
Non-adversarial prior obtained at iteration 650 top 3 /5
00000 0.080468 
00050 0.060641 
00100 0.057028 
00150 0.055963 
00200 0.054942 
00250 0.054198 
Non-adversarial prior obtained at iteration 250 top 3 /5
00000 0.060981 
00050 0.019302 
00100 0.012611 
00150 0.010499 
00200 0.009869 
00250 0.009327 
00300 0.008733 
00350 0.008202 
00400 0.007967 
00450 0.007808 
00500 0.007427 
00550 0.007410 
00600 0.007180 
00650 0.007001 
00700 0.006897 
00750 0.006839 
00800 0.006758 
00850 0.006640 
00900 0.006527 
00950 0.006488 
01000 0.006437 
01050 0.006384 
Non-adversarial prior obtained at iteration 1050 top 4 /5
00000 0.123812 
00050 0.033968 
00100 0.026906 
00150 0.021951 
00200 0.019716 
00250 0.018042 
00300 0.016113 
00350 0.015502 
00400 0.014208 
00450 0.013011 
00500 0.012242 
00550 0.011672 
00600 0.011073 
00650 0.010460 
00700 0.009866 
00750 0.010077 
00800 0.009156 
00850 0.008792 
00900 0.008362 
00950 0.007911 
01000 0.007695 
01050 0.007374 
01100 0.007196 
01150 0.006823 
01200 0.006689 
01250 0.006189 
01300 0.006097 
01350 0.005684 
01400 0.005447 
01450 0.005258 
01500 0.005127 
01550 0.004744 
01600 0.004484 
01650 0.004324 
01700 0.004183 
01750 0.003979 
01800 0.003854 
01850 0.003684 
01900 0.003556 
01950 0.003478 
02000 0.003337 
02050 0.003195 
02100 0.003164 
02150 0.003041 
02200 0.002918 
02250 0.002929 
02300 0.002742 
02350 0.002703 
02400 0.002711 
02450 0.002555 
02500 0.002572 
02550 0.002536 
02600 0.002469 
02650 0.002373 
02700 0.002315 
02750 0.002338 
02800 0.002245 
02850 0.002217 
02900 0.002325 
02950 0.002150 
00000 0.040296 
00050 0.022761 
00100 0.019929 
Non-adversarial prior obtained at iteration 100 top 2 /5
00000 0.087450 
00050 0.021791 
00100 0.016937 
00150 0.013898 
00200 0.012886 
00250 0.011837 
00300 0.011387 
00350 0.010889 
00400 0.010578 
Non-adversarial prior obtained at iteration 400 top 3 /5
00000 0.127417 
00050 0.026066 
00100 0.015176 
00150 0.012363 
00200 0.011356 
00250 0.009155 
00300 0.008492 
00350 0.007826 
00400 0.007348 
00450 0.006733 
00500 0.006235 
Non-adversarial prior obtained at iteration 500 top 5 /5
00000 0.228066 
00050 0.018426 
00100 0.008286 
00150 0.005521 
00200 0.004345 
00250 0.003148 
00300 0.003235 
00350 0.002666 
00400 0.002374 
00450 0.002195 
00500 0.002046 
00550 0.001877 
00600 0.001847 
00650 0.001624 
00700 0.001519 
00750 0.001345 
00800 0.001322 
00850 0.001267 
00900 0.001248 
00950 0.001125 
01000 0.001067 
01050 0.000993 
01100 0.000946 
01150 0.000948 
01200 0.000882 
01250 0.000854 
01300 0.000814 
01350 0.000749 
01400 0.000727 
01450 0.000664 
01500 0.000694 
Non-adversarial prior obtained at iteration 1500 top 1 /5
00000 0.112508 
00050 0.016616 
00100 0.010039 
00150 0.006146 
00200 0.006118 
00250 0.005125 
00300 0.003726 
00350 0.002999 
Non-adversarial prior obtained at iteration 350 top 1 /5
00000 0.066494 
00050 0.014721 
00100 0.009377 
00150 0.007620 
00200 0.006636 
00250 0.005997 
00300 0.005241 
00350 0.004971 
00400 0.004568 
00450 0.004341 
00500 0.004113 
00550 0.003946 
00600 0.003834 
00650 0.003560 
00700 0.003418 
00750 0.003321 
00800 0.003117 
00850 0.003055 
00900 0.002996 
Non-adversarial prior obtained at iteration 900 top 4 /5
00000 0.076795 
00050 0.023648 
00100 0.013949 
00150 0.009646 
Non-adversarial prior obtained at iteration 150 top 4 /5
00000 0.081680 
00050 0.016419 
00100 0.009341 
00150 0.007998 
00200 0.006683 
00250 0.005669 
00300 0.005133 
00350 0.004640 
00400 0.004512 
00450 0.004368 
00500 0.004047 
00550 0.003897 
00600 0.003628 
00650 0.003373 
00700 0.003238 
00750 0.002984 
00800 0.002927 
00850 0.002679 
00900 0.002444 
00950 0.002331 
01000 0.002174 
01050 0.002022 
01100 0.002070 
01150 0.001806 
01200 0.001707 
Non-adversarial prior obtained at iteration 1200 top 3 /5
00000 0.087734 
00050 0.021171 
00100 0.014817 
00150 0.010246 
00200 0.008134 
00250 0.006036 
00300 0.004877 
Non-adversarial prior obtained at iteration 300 top 3 /5
00000 0.036910 
00050 0.015713 
00100 0.011451 
00150 0.009345 
00200 0.007942 
00250 0.007118 
00300 0.006169 
00350 0.005898 
Non-adversarial prior obtained at iteration 350 top 4 /5
00000 0.116116 
00050 0.027557 
00100 0.021384 
00150 0.018732 
00200 0.014615 
00250 0.012182 
00300 0.010473 
Non-adversarial prior obtained at iteration 300 top 2 /5
00000 0.077933 
00050 0.041292 
00100 0.030005 
Non-adversarial prior obtained at iteration 100 top 3 /5
00000 0.136773 
00050 0.032785 
00100 0.027743 
00150 0.024991 
00200 0.023098 
00250 0.021114 
00300 0.018717 
00350 0.016243 
00400 0.012839 
00450 0.010998 
00500 0.009600 
00550 0.008612 
00600 0.007726 
00650 0.006975 
00700 0.006277 
00750 0.005913 
00800 0.005446 
00850 0.005071 
00900 0.004709 
00950 0.004405 
01000 0.004369 
Non-adversarial prior obtained at iteration 1000 top 4 /5
00000 0.083127 
00050 0.044283 
00100 0.041760 
00150 0.039817 
00200 0.038378 
00250 0.036913 
00300 0.034898 
00350 0.033471 
00400 0.032118 
00450 0.030560 
00500 0.029224 
00550 0.028222 
00600 0.027401 
00650 0.026494 
Non-adversarial prior obtained at iteration 650 top 3 /5
00000 0.055313 
00050 0.026601 
00100 0.021632 
00150 0.017942 
00200 0.015177 
00250 0.013620 
00300 0.012842 
00350 0.011834 
00400 0.011102 
00450 0.010751 
00500 0.010138 
00550 0.009418 
00600 0.009157 
00650 0.008594 
Non-adversarial prior obtained at iteration 650 top 1 /5
00000 0.090616 
00050 0.035349 
00100 0.025182 
00150 0.021448 
00200 0.018470 
00250 0.016252 
00300 0.015289 
00350 0.014011 
00400 0.013481 
00450 0.012351 
00500 0.011202 
00550 0.010683 
00600 0.009851 
00650 0.009465 
00700 0.008782 
Non-adversarial prior obtained at iteration 700 top 1 /5
00000 0.079731 
00050 0.034340 
00100 0.024438 
00150 0.018308 
00200 0.016369 
00250 0.014843 
00300 0.013019 
Non-adversarial prior obtained at iteration 300 top 2 /5
00000 0.029514 
00050 0.005680 
00100 0.003802 
00150 0.002866 
00200 0.002513 
00250 0.002451 
00300 0.002205 
00350 0.002122 
00400 0.002002 
00450 0.001777 
00500 0.001657 
00550 0.001619 
Non-adversarial prior obtained at iteration 550 top 3 /5
00000 0.181842 
00050 0.024368 
00100 0.017945 
00150 0.016570 
00200 0.010674 
00250 0.009044 
00300 0.008493 
00350 0.008219 
00400 0.006162 
00450 0.005021 
00500 0.004576 
00550 0.004465 
00600 0.003646 
00650 0.003584 
00700 0.003277 
00750 0.003218 
00800 0.003111 
00850 0.002875 
00900 0.002899 
00950 0.002868 
01000 0.002675 
01050 0.002678 
01100 0.002557 
01150 0.002480 
01200 0.002525 
01250 0.002404 
01300 0.002446 
01350 0.002188 
01400 0.002543 
01450 0.002148 
01500 0.002082 
01550 0.002121 
01600 0.002114 
01650 0.001999 
01700 0.001900 
01750 0.002006 
01800 0.001991 
01850 0.001945 
01900 0.001928 
01950 0.001815 
02000 0.001827 
02050 0.001903 
02100 0.001821 
02150 0.001662 
02200 0.001660 
02250 0.001445 
Non-adversarial prior obtained at iteration 2250 top 5 /5
00000 0.086047 
00050 0.030747 
00100 0.023043 
00150 0.018433 
00200 0.014913 
00250 0.012411 
00300 0.011309 
00350 0.009199 
Non-adversarial prior obtained at iteration 350 top 2 /5
00000 0.062793 
00050 0.030098 
00100 0.014817 
00150 0.012102 
00200 0.008760 
00250 0.007219 
00300 0.006320 
00350 0.005674 
00400 0.005383 
00450 0.004520 
00500 0.004006 
00550 0.003679 
00600 0.003384 
00650 0.003156 
00700 0.003096 
00750 0.002724 
00800 0.002565 
Non-adversarial prior obtained at iteration 800 top 4 /5
00000 0.047294 
00050 0.009013 
00100 0.007963 
00150 0.006248 
00200 0.005601 
00250 0.005428 
00300 0.005248 
00350 0.005064 
Non-adversarial prior obtained at iteration 350 top 5 /5
00000 0.206936 
00050 0.020915 
00100 0.011699 
00150 0.009289 
00200 0.007494 
00250 0.006790 
00300 0.006405 
00350 0.006046 
00400 0.005907 
00450 0.005132 
Non-adversarial prior obtained at iteration 450 top 2 /5
00000 0.095166 
00050 0.025545 
00100 0.014337 
00150 0.009208 
00200 0.006917 
00250 0.005544 
00300 0.004503 
00350 0.004078 
00400 0.003490 
00450 0.002993 
00500 0.002720 
00550 0.002529 
00600 0.002440 
00650 0.002214 
00700 0.002013 
00750 0.001919 
00800 0.001803 
Non-adversarial prior obtained at iteration 800 top 5 /5
00000 0.070031 
00050 0.045914 
00100 0.039947 
00150 0.039111 
00200 0.038469 
00250 0.037977 
00300 0.037378 
00350 0.036993 
00400 0.036520 
00450 0.036205 
00500 0.035931 
00550 0.035609 
00600 0.035332 
00650 0.035125 
00700 0.034704 
00750 0.034389 
Non-adversarial prior obtained at iteration 750 top 3 /5
00000 0.077502 
00050 0.025592 
00100 0.017906 
00150 0.014957 
00200 0.011993 
00250 0.011332 
00300 0.009440 
Non-adversarial prior obtained at iteration 300 top 5 /5
00000 0.075472 
00050 0.034036 
00100 0.028670 
Non-adversarial prior obtained at iteration 100 top 4 /5
00000 0.122926 
00050 0.016569 
00100 0.013198 
00150 0.011823 
00200 0.010878 
00250 0.010384 
00300 0.009219 
00350 0.007666 
00400 0.007239 
00450 0.007065 
Non-adversarial prior obtained at iteration 450 top 4 /5
00000 0.045076 
00050 0.016128 
00100 0.012296 
Non-adversarial prior obtained at iteration 100 top 1 /5
00000 0.072946 
00050 0.023531 
00100 0.015578 
00150 0.011756 
00200 0.011174 
00250 0.009713 
00300 0.009220 
Non-adversarial prior obtained at iteration 300 top 5 /5
00000 0.088116 
00050 0.066422 
00100 0.052669 
00150 0.046880 
Non-adversarial prior obtained at iteration 150 top 3 /5
00000 0.078245 
00050 0.022118 
00100 0.015406 
00150 0.012794 
00200 0.010003 
00250 0.009164 
00300 0.008060 
00350 0.007537 
00400 0.007091 
Non-adversarial prior obtained at iteration 400 top 3 /5
00000 0.039079 
00050 0.030204 
00100 0.028730 
00150 0.026553 
00200 0.024916 
00250 0.023575 
00300 0.022813 
00350 0.021085 
Non-adversarial prior obtained at iteration 350 top 3 /5
00000 0.051407 
00050 0.025550 
00100 0.023457 
00150 0.021929 
00200 0.020377 
00250 0.019224 
Non-adversarial prior obtained at iteration 250 top 4 /5
00000 0.044520 
00050 0.028965 
00100 0.025777 
00150 0.024763 
00200 0.023029 
00250 0.022185 
00300 0.021398 
00350 0.020991 
00400 0.020277 
Non-adversarial prior obtained at iteration 400 top 2 /5
00000 0.082259 
00050 0.029780 
00100 0.027865 
00150 0.025600 
00200 0.023841 
00250 0.022837 
Non-adversarial prior obtained at iteration 250 top 3 /5
