100 2
1050 4
850 5
1150 2
1200 4
200 2
350 3
500 1
50 2
700 5
400 5
600 1
1950 4
50 2
100 1
150 1
100 1
250 4
50 5
150 2
100 4
550 2
400 4
950 4
500 5
2550 2
1450 2
250 2
1450 5
1400 4
2200 5
350 2
550 4
250 1
400 4
2750 5
100 2
450 1
500 3
1550 1
500 1
400 3
350 3
1050 2
300 2
300 5
200 4
200 3
850 4
700 1
650 4
600 4
200 2
900 1
1600 5
250 3
500 4
500 2
650 1
650 2
550 5
450 2
100 1
800 4
400 4
350 2
200 4
250 5
150 4
450 1
350 2
200 4
Summary of attack GradientSignAttack : total correct  72 out of  73
1350 5
750 5
1100 5
1250 5
50 2
300 2
500 1
1350 4
600 3
600 2
1350 5
50 1
50 4
100 2
200 1
300 4
100 1
100 2
100 1
400 4
300 1
750 1
600 1
2000 5
1300 3
400 4
550 2
750 5
750 5
650 3
200 4
650 5
2400 3
100 5
200 1
450 5
300 1
800 5
150 3
950 5
400 1
300 3
250 1
250 1
800 3
600 1
650 2
350 4
200 3
700 5
2150 5
300 2
950 4
500 5
400 2
1200 1
700 3
950 3
100 1
1000 5
350 3
300 3
250 1
300 1
400 2
250 2
300 5
400 4
Summary of attack DeepFoolAttack : total correct  68 out of  70
100 1
1400 3
750 3
1200 2
1450 1
200 3
300 5
200 1
1050 4
850 2
800 4
650 1
1150 5
50 1
100 1
100 3
0 4
150 2
50 1
100 2
100 1
600 1
350 3
1150 2
600 3
1700 5
700 2
550 2
950 3
1100 5
500 2
850 2
200 5
350 5
2100 3
100 5
450 1
500 5
1300 1
350 1
1050 2
150 5
700 4
300 1
150 5
250 1
200 5
1150 5
750 1
700 3
350 1
200 3
450 4
1950 4
250 4
1550 5
450 2
850 1
1350 1
750 3
400 3
100 4
300 5
150 2
300 3
150 1
300 1
400 3
250 1
350 5
250 2
Summary of attack CarliniWagnerL2Attack : total correct  71 out of  73
100 1
1500 3
750 3
1300 3
1250 5
100 2
350 4
300 3
650 5
800 2
450 4
550 5
1050 5
50 1
100 1
150 1
200 1
300 4
50 2
100 5
100 4
350 3
350 5
900 5
800 4
1500 4
1550 3
600 3
1300 4
1200 4
2700 4
550 2
650 3
250 3
1050 4
100 2
400 3
500 5
1500 1
350 1
900 4
150 4
1200 3
300 3
350 4
300 2
100 3
1000 4
650 3
650 1
700 1
300 2
550 3
2250 5
350 2
800 4
350 5
450 2
800 5
750 3
300 5
100 4
450 4
100 1
300 5
150 3
400 3
350 3
250 4
400 2
250 3
Summary of attack SaltAndPepperNoiseAttack : total correct  71 out of  73
