300 2
1300 3
250 5
1100 4
1100 5
50 3
250 5
250 1
50 3
900 5
400 4
450 4
2700 5
100 1
100 1
100 2
100 4
250 5
100 1
100 4
100 1
550 1
350 4
1100 4
800 2
1900 4
450 3
300 2
1050 5
1300 3
2900 5
500 1
950 1
250 1
450 3
100 2
500 1
600 1
50 4
350 2
700 3
200 3
750 4
350 2
200 4
350 1
250 1
900 4
600 1
700 4
300 5
200 2
500 2
2000 5
200 5
1100 3
300 4
450 1
900 2
700 1
250 3
150 1
500 5
150 5
500 5
200 1
250 5
300 4
300 3
450 3
300 3
Summary of attack <bound method Attack.name of <foolbox.attacks.gradient.GradientSignAttack object at 0x0000011085C0C5C0>> : total correct  71 out of  73
50 4
1350 3
750 1
1350 3
1500 5
150 2
200 4
300 1
50 4
650 5
850 3
350 4
1500 5
50 1
100 1
100 2
150 2
400 2
50 4
150 3
100 2
350 2
200 4
1350 2
550 4
1600 5
650 4
600 3
1100 3
1500 3
450 4
1250 5
500 5
300 4
1050 5
2800 1
100 1
400 3
450 3
1200 1
300 4
600 4
150 3
1500 3
500 1
300 5
200 4
200 2
1050 3
700 1
550 5
400 2
1450 1
550 4
450 1
1550 4
550 4
500 2
950 2
800 3
350 3
150 1
800 2
150 1
350 3
250 2
450 1
350 1
250 3
400 1
250 5
Summary of attack <bound method Attack.name of <foolbox.attacks.additive_noise.AdditiveGaussianNoiseAttack object at 0x0000011085C0C780>> : total correct  71 out of  73
100 4
1100 1
750 5
1150 4
1250 3
100 2
300 1
300 4
50 3
450 1
1350 5
500 5
2150 5
50 3
200 2
100 1
250 2
500 5
150 1
150 4
250 5
550 1
400 4
850 3
750 5
1700 3
400 2
400 5
1600 4
1750 1
500 3
1800 4
650 3
200 1
450 4
100 2
350 1
500 2
1650 1
400 5
800 4
200 4
50 3
350 1
350 4
300 3
250 1
850 3
750 2
750 5
350 4
400 4
400 5
200 5
450 3
400 2
550 2
850 3
450 4
1050 4
100 5
750 3
150 3
1450 2
250 3
250 1
450 4
400 5
450 4
450 1
Summary of attack <bound method Attack.name of <foolbox.attacks.blended_noise.BlendedUniformNoiseAttack object at 0x0000011085C0C518>> : total correct  70 out of  73
50 2
2500 1
100 1
150 5
750 2
400 2
800 4
300 3
700 4
50 2
0 2
1050 1
750 1
1250 1
150 2
450 4
600 4
2050 5
700 2
2000 3
450 2
1300 1
800 1
150 5
350 2
350 4
1550 1
1550 4
500 5
350 5
1550 1
900 3
1550 1
550 3
300 5
250 1
1550 1
250 5
350 3
1150 2
Summary of attack <bound method Attack.name of <foolbox.attacks.blur.GaussianBlurAttack object at 0x0000011085C0CD30>> : total correct  40 out of  73
50 3
1300 2
850 4
1250 5
1000 5
50 1
350 1
350 1
450 5
700 2
400 4
600 4
1700 5
100 1
150 1
100 1
300 1
200 3
50 2
100 1
50 3
400 1
400 5
800 5
750 4
1650 3
300 4
550 4
500 4
2950 5
400 2
650 3
250 1
650 4
2450 5
100 2
600 4
600 1
1300 1
350 1
750 5
200 1
1100 4
400 1
350 2
400 1
300 1
700 3
450 2
750 1
250 4
250 3
650 2
1650 5
350 3
1500 3
400 2
550 4
1300 3
650 5
250 3
150 3
500 1
200 2
450 1
250 4
350 1
400 2
150 5
350 2
300 5
Summary of attack <bound method Attack.name of <foolbox.attacks.newtonfool.NewtonFoolAttack object at 0x0000011085C0CBE0>> : total correct  71 out of  73
100 1
1250 2
250 3
1400 4
1050 5
50 1
300 1
250 2
350 4
600 2
950 3
550 1
900 5
50 4
100 1
100 1
100 4
250 1
